0.34784
0.34784
0.34784
0.34784
0.34784
0.34784
0.34784
0.34784
0.34784
0.34784
0.34784
0.34784
0.34784
0.34784
0.34784
0.34784
0.34784
0.34784
0.34784
0.34784
0.34784
0.34784
0.34784
0.34784
0.34784
0.34784
0.34784
0.34784
0.34784
0.34784
0.34784
0.34784
0.34784
0.34784
0.34784
0.34784
0.34784
0.34784
0.34784
0.34784
0.34784
0.34784
0.34784
0.34784
0.34784
0.34784
0.34784
0.34784
0.34784
0.34784
0.34784
0.34784
0.34784
0.34784
0.34784
0.34784
0.34784
0.34784
0.34784
0.34784
0.34784
0.34784
0.34784
0.34784
