0.059951
0.059951
0.059951
0.059951
0.059951
0.059951
0.059951
0.059951
0.059951
0.059951
0.059951
0.059951
0.059951
0.059951
0.059951
0.059951
0.059951
0.059951
0.059951
0.059951
0.059951
0.059951
0.059951
0.059951
0.059951
0.059951
0.059951
0.059951
0.059951
0.059951
0.059951
0.059951
0.059951
0.059951
0.059951
0.059951
0.059951
0.059951
0.059951
0.059951
0.059951
0.059951
0.059951
0.059951
0.059951
0.059951
0.059951
0.059951
0.059951
0.059951
0.059951
0.059951
0.059951
0.059951
0.059951
0.059951
0.059951
0.059951
0.059951
0.059951
0.059951
0.059951
0.059951
0.059951
