-60.869
-60.869
-60.869
-60.869
-60.869
-60.869
-60.869
-60.869
-60.869
-60.869
-60.869
-60.869
-60.869
-60.869
-60.869
-60.869
-60.869
-60.869
-60.869
-60.869
-60.869
-60.869
-60.869
-60.869
-60.869
-60.869
-60.869
-60.869
-60.869
-60.869
-60.869
-60.869
-60.869
-60.869
-60.869
-60.869
-60.869
-60.869
-60.869
-60.869
-60.869
-60.869
-60.869
-60.869
-60.869
-60.869
-60.869
-60.869
-60.869
-60.869
-60.869
-60.869
-60.869
-60.869
-60.869
-60.869
-60.869
-60.869
-60.869
-60.869
-60.869
-60.869
-60.869
-60.869
