0
600
1200
1800
2400
3000
3600
4200
4800
5400
6000
6600
7200
7800
8400
9000
9600
10200
10800
11400
12000
12600
13200
13800
14400
15000
15600
16200
16800
17400
18000
18600
19200
19800
20400
21000
21600
22200
22800
23400
24000
24600
25200
25800
26400
27000
27600
28200
28800
29400
30000
30600
31200
31800
32400
33000
33600
34200
34800
35400
36000
36600
37200
37800
38400
39000
39600
40200
40800
41400
42000
42600
43200
43800
44400
45000
45600
46200
46800
47400
48000
48600
49200
49800
50400
51000
51600
52200
52800
53400
54000
54600
55200
55800
56400
57000
57600
58200
58800
59400
60000
60600
61200
61800
62400
63000
63600
64200
64800
65400
66000
66600
67200
67800
68400
69000
69600
70200
70800
71400
72000
72600
73200
73800
74400
75000
75600
76200
76800
77400
78000
78600
79200
79800
80400
81000
81600
82200
82800
83400
84000
84600
85200
85800
86400
87000
87600
88200
88800
89400
90000
90600
91200
91800
92400
93000
93600
94200
94800
95400
96000
96600
97200
97800
98400
99000
99600
1.002e+05
1.008e+05
1.014e+05
1.02e+05
1.026e+05
1.032e+05
1.038e+05
1.044e+05
1.05e+05
1.056e+05
1.062e+05
1.068e+05
1.074e+05
1.08e+05
1.086e+05
1.092e+05
1.098e+05
1.104e+05
1.11e+05
1.116e+05
1.122e+05
1.128e+05
1.134e+05
1.14e+05
1.146e+05
1.152e+05
1.158e+05
1.164e+05
1.17e+05
1.176e+05
1.182e+05
1.188e+05
1.194e+05
1.2e+05
1.206e+05
1.212e+05
1.218e+05
1.224e+05
1.23e+05
1.236e+05
1.242e+05
1.248e+05
1.254e+05
1.26e+05
1.266e+05
1.272e+05
1.278e+05
1.284e+05
1.29e+05
1.296e+05
1.302e+05
1.308e+05
1.314e+05
1.32e+05
1.326e+05
1.332e+05
1.338e+05
1.344e+05
1.35e+05
1.356e+05
1.362e+05
1.368e+05
1.374e+05
1.38e+05
1.386e+05
1.392e+05
1.398e+05
1.404e+05
1.41e+05
1.416e+05
1.422e+05
1.428e+05
1.434e+05
1.44e+05
1.446e+05
1.452e+05
1.458e+05
1.464e+05
1.47e+05
1.476e+05
1.482e+05
1.488e+05
1.494e+05
1.5e+05
1.506e+05
1.512e+05
1.518e+05
1.524e+05
1.53e+05
1.536e+05
1.542e+05
1.548e+05
1.554e+05
1.56e+05
1.566e+05
1.572e+05
1.578e+05
1.584e+05
1.59e+05
1.596e+05
1.602e+05
1.608e+05
1.614e+05
1.62e+05
1.626e+05
1.632e+05
1.638e+05
1.644e+05
1.65e+05
1.656e+05
1.662e+05
1.668e+05
1.674e+05
1.68e+05
1.686e+05
1.692e+05
1.698e+05
1.704e+05
1.71e+05
1.716e+05
1.722e+05
1.728e+05
1.734e+05
1.74e+05
1.746e+05
1.752e+05
1.758e+05
1.764e+05
1.77e+05
1.776e+05
1.782e+05
1.788e+05
1.794e+05
1.8e+05
1.806e+05
1.812e+05
1.818e+05
1.824e+05
1.83e+05
1.836e+05
1.842e+05
1.848e+05
1.854e+05
1.86e+05
1.866e+05
1.872e+05
1.878e+05
1.884e+05
1.89e+05
1.896e+05
1.902e+05
1.908e+05
1.914e+05
1.92e+05
1.926e+05
1.932e+05
1.938e+05
1.944e+05
1.95e+05
1.956e+05
1.962e+05
1.968e+05
1.974e+05
1.98e+05
1.986e+05
1.992e+05
1.998e+05
2.004e+05
2.01e+05
2.016e+05
2.022e+05
2.028e+05
2.034e+05
2.04e+05
2.046e+05
2.052e+05
2.058e+05
2.064e+05
2.07e+05
2.076e+05
2.082e+05
2.088e+05
2.094e+05
2.1e+05
2.106e+05
2.112e+05
2.118e+05
2.124e+05
2.13e+05
2.136e+05
2.142e+05
2.148e+05
2.154e+05
2.16e+05
2.166e+05
2.172e+05
2.178e+05
2.184e+05
2.19e+05
2.196e+05
2.202e+05
2.208e+05
2.214e+05
2.22e+05
2.226e+05
2.232e+05
2.238e+05
2.244e+05
2.25e+05
2.256e+05
2.262e+05
2.268e+05
2.274e+05
2.28e+05
2.286e+05
2.292e+05
2.298e+05
2.304e+05
2.31e+05
2.316e+05
2.322e+05
2.328e+05
2.334e+05
2.34e+05
2.346e+05
2.352e+05
2.358e+05
2.364e+05
2.37e+05
2.376e+05
2.382e+05
2.388e+05
2.394e+05
2.4e+05
2.406e+05
2.412e+05
2.418e+05
2.424e+05
2.43e+05
2.436e+05
2.442e+05
2.448e+05
2.454e+05
2.46e+05
2.466e+05
2.472e+05
2.478e+05
2.484e+05
2.49e+05
2.496e+05
2.502e+05
2.508e+05
2.514e+05
2.52e+05
2.526e+05
2.532e+05
2.538e+05
2.544e+05
2.55e+05
2.556e+05
2.562e+05
2.568e+05
2.574e+05
2.58e+05
2.586e+05
2.592e+05
2.598e+05
2.604e+05
2.61e+05
2.616e+05
2.622e+05
2.628e+05
2.634e+05
2.64e+05
2.646e+05
2.652e+05
2.658e+05
2.664e+05
2.67e+05
2.676e+05
2.682e+05
2.688e+05
2.694e+05
2.7e+05
2.706e+05
2.712e+05
2.718e+05
2.724e+05
2.73e+05
2.736e+05
2.742e+05
2.748e+05
2.754e+05
2.76e+05
2.766e+05
2.772e+05
2.778e+05
2.784e+05
2.79e+05
2.796e+05
2.802e+05
2.808e+05
2.814e+05
2.82e+05
2.826e+05
2.832e+05
2.838e+05
2.844e+05
2.85e+05
2.856e+05
2.862e+05
2.868e+05
2.874e+05
2.88e+05
2.886e+05
2.892e+05
2.898e+05
2.904e+05
2.91e+05
2.916e+05
2.922e+05
2.928e+05
2.934e+05
2.94e+05
2.946e+05
2.952e+05
2.958e+05
2.964e+05
2.97e+05
2.976e+05
2.982e+05
2.988e+05
2.994e+05
3e+05
3.006e+05
3.012e+05
3.018e+05
3.024e+05
3.03e+05
3.036e+05
3.042e+05
3.048e+05
3.054e+05
3.06e+05
3.066e+05
3.072e+05
3.078e+05
3.084e+05
3.09e+05
3.096e+05
3.102e+05
3.108e+05
3.114e+05
3.12e+05
3.126e+05
3.132e+05
3.138e+05
3.144e+05
3.15e+05
3.156e+05
3.162e+05
3.168e+05
3.174e+05
3.18e+05
3.186e+05
3.192e+05
3.198e+05
3.204e+05
3.21e+05
3.216e+05
3.222e+05
3.228e+05
3.234e+05
3.24e+05
3.246e+05
3.252e+05
3.258e+05
3.264e+05
3.27e+05
3.276e+05
3.282e+05
3.288e+05
3.294e+05
3.3e+05
3.306e+05
3.312e+05
3.318e+05
3.324e+05
3.33e+05
3.336e+05
3.342e+05
3.348e+05
3.354e+05
3.36e+05
3.366e+05
3.372e+05
3.378e+05
3.384e+05
3.39e+05
3.396e+05
3.402e+05
3.408e+05
3.414e+05
3.42e+05
3.426e+05
3.432e+05
3.438e+05
3.444e+05
3.45e+05
3.456e+05
3.462e+05
3.468e+05
3.474e+05
3.48e+05
3.486e+05
3.492e+05
3.498e+05
3.504e+05
3.51e+05
3.516e+05
3.522e+05
3.528e+05
3.534e+05
3.54e+05
3.546e+05
3.552e+05
3.558e+05
3.564e+05
3.57e+05
3.576e+05
3.582e+05
3.588e+05
3.594e+05
3.6e+05
3.606e+05
3.612e+05
3.618e+05
3.624e+05
3.63e+05
3.636e+05
3.642e+05
3.648e+05
3.654e+05
3.66e+05
3.666e+05
3.672e+05
3.678e+05
3.684e+05
3.69e+05
3.696e+05
3.702e+05
3.708e+05
3.714e+05
3.72e+05
3.726e+05
3.732e+05
3.738e+05
3.744e+05
3.75e+05
3.756e+05
3.762e+05
3.768e+05
3.774e+05
3.78e+05
3.786e+05
3.792e+05
3.798e+05
3.804e+05
3.81e+05
3.816e+05
3.822e+05
3.828e+05
3.834e+05
3.84e+05
3.846e+05
3.852e+05
3.858e+05
3.864e+05
3.87e+05
3.876e+05
3.882e+05
3.888e+05
3.894e+05
3.9e+05
3.906e+05
3.912e+05
3.918e+05
3.924e+05
3.93e+05
3.936e+05
3.942e+05
3.948e+05
3.954e+05
3.96e+05
3.966e+05
3.972e+05
3.978e+05
3.984e+05
3.99e+05
3.996e+05
4.002e+05
4.008e+05
4.014e+05
4.02e+05
4.026e+05
4.032e+05
4.038e+05
4.044e+05
4.05e+05
4.056e+05
4.062e+05
4.068e+05
4.074e+05
4.08e+05
4.086e+05
4.092e+05
4.098e+05
4.104e+05
4.11e+05
4.116e+05
4.122e+05
4.128e+05
4.134e+05
4.14e+05
4.146e+05
4.152e+05
4.158e+05
4.164e+05
4.17e+05
4.176e+05
4.182e+05
4.188e+05
4.194e+05
4.2e+05
4.206e+05
4.212e+05
4.218e+05
4.224e+05
4.23e+05
4.236e+05
4.242e+05
4.248e+05
4.254e+05
4.26e+05
4.266e+05
4.272e+05
4.278e+05
4.284e+05
4.29e+05
4.296e+05
4.302e+05
4.308e+05
4.314e+05
4.32e+05
4.326e+05
4.332e+05
4.338e+05
4.344e+05
4.35e+05
4.356e+05
4.362e+05
4.368e+05
4.374e+05
4.38e+05
4.386e+05
4.392e+05
4.398e+05
4.404e+05
4.41e+05
4.416e+05
4.422e+05
4.428e+05
4.434e+05
4.44e+05
4.446e+05
4.452e+05
4.458e+05
4.464e+05
4.47e+05
4.476e+05
4.482e+05
4.488e+05
4.494e+05
4.5e+05
4.506e+05
4.512e+05
4.518e+05
4.524e+05
4.53e+05
4.536e+05
4.542e+05
4.548e+05
4.554e+05
4.56e+05
4.566e+05
4.572e+05
4.578e+05
4.584e+05
4.59e+05
4.596e+05
4.602e+05
4.608e+05
4.614e+05
4.62e+05
4.626e+05
4.632e+05
4.638e+05
4.644e+05
4.65e+05
4.656e+05
4.662e+05
4.668e+05
4.674e+05
4.68e+05
4.686e+05
4.692e+05
4.698e+05
4.704e+05
4.71e+05
4.716e+05
4.722e+05
4.728e+05
4.734e+05
4.74e+05
4.746e+05
4.752e+05
4.758e+05
4.764e+05
4.77e+05
4.776e+05
4.782e+05
4.788e+05
4.794e+05
4.8e+05
4.806e+05
4.812e+05
4.818e+05
4.824e+05
4.83e+05
4.836e+05
4.842e+05
4.848e+05
4.854e+05
4.86e+05
4.866e+05
4.872e+05
4.878e+05
4.884e+05
4.89e+05
4.896e+05
4.902e+05
4.908e+05
4.914e+05
4.92e+05
4.926e+05
4.932e+05
4.938e+05
4.944e+05
4.95e+05
4.956e+05
4.962e+05
4.968e+05
4.974e+05
4.98e+05
4.986e+05
4.992e+05
4.998e+05
5.004e+05
5.01e+05
5.016e+05
5.022e+05
5.028e+05
5.034e+05
5.04e+05
5.046e+05
5.052e+05
5.058e+05
5.064e+05
5.07e+05
5.076e+05
5.082e+05
5.088e+05
5.094e+05
5.1e+05
5.106e+05
5.112e+05
5.118e+05
5.124e+05
5.13e+05
5.136e+05
5.142e+05
5.148e+05
5.154e+05
5.16e+05
5.166e+05
5.172e+05
5.178e+05
5.184e+05
5.19e+05
5.196e+05
5.202e+05
5.208e+05
5.214e+05
5.22e+05
5.226e+05
5.232e+05
5.238e+05
5.244e+05
5.25e+05
5.256e+05
5.262e+05
5.268e+05
5.274e+05
5.28e+05
5.286e+05
5.292e+05
5.298e+05
5.304e+05
5.31e+05
5.316e+05
5.322e+05
5.328e+05
5.334e+05
5.34e+05
5.346e+05
5.352e+05
5.358e+05
5.364e+05
5.37e+05
5.376e+05
5.382e+05
5.388e+05
5.394e+05
5.4e+05
5.406e+05
5.412e+05
5.418e+05
5.424e+05
5.43e+05
5.436e+05
5.442e+05
5.448e+05
5.454e+05
5.46e+05
5.466e+05
5.472e+05
5.478e+05
5.484e+05
5.49e+05
5.496e+05
5.502e+05
5.508e+05
5.514e+05
5.52e+05
5.526e+05
5.532e+05
5.538e+05
5.544e+05
5.55e+05
5.556e+05
5.562e+05
5.568e+05
5.574e+05
5.58e+05
5.586e+05
5.592e+05
5.598e+05
5.604e+05
5.61e+05
5.616e+05
5.622e+05
5.628e+05
5.634e+05
5.64e+05
5.646e+05
5.652e+05
5.658e+05
5.664e+05
5.67e+05
5.676e+05
5.682e+05
5.688e+05
5.694e+05
5.7e+05
5.706e+05
5.712e+05
5.718e+05
5.724e+05
5.73e+05
5.736e+05
5.742e+05
5.748e+05
5.754e+05
5.76e+05
5.766e+05
5.772e+05
5.778e+05
5.784e+05
5.79e+05
5.796e+05
5.802e+05
5.808e+05
5.814e+05
5.82e+05
5.826e+05
5.832e+05
5.838e+05
5.844e+05
5.85e+05
5.856e+05
5.862e+05
5.868e+05
5.874e+05
5.88e+05
5.886e+05
5.892e+05
5.898e+05
5.904e+05
5.91e+05
5.916e+05
5.922e+05
5.928e+05
5.934e+05
5.94e+05
5.946e+05
5.952e+05
5.958e+05
5.964e+05
5.97e+05
5.976e+05
5.982e+05
5.988e+05
5.994e+05
6e+05
6.006e+05
6.012e+05
6.018e+05
6.024e+05
6.03e+05
6.036e+05
6.042e+05
6.048e+05
6.054e+05
6.06e+05
6.066e+05
6.072e+05
6.078e+05
6.084e+05
6.09e+05
6.096e+05
6.102e+05
6.108e+05
6.114e+05
6.12e+05
6.126e+05
6.132e+05
6.138e+05
6.144e+05
6.15e+05
6.156e+05
6.162e+05
6.168e+05
6.174e+05
6.18e+05
6.186e+05
6.192e+05
6.198e+05
6.204e+05
6.21e+05
6.216e+05
6.222e+05
6.228e+05
6.234e+05
6.24e+05
6.246e+05
6.252e+05
6.258e+05
6.264e+05
6.27e+05
6.276e+05
6.282e+05
6.288e+05
6.294e+05
6.3e+05
6.306e+05
6.312e+05
6.318e+05
6.324e+05
6.33e+05
6.336e+05
6.342e+05
6.348e+05
6.354e+05
6.36e+05
6.366e+05
6.372e+05
6.378e+05
6.384e+05
6.39e+05
6.396e+05
6.402e+05
6.408e+05
6.414e+05
6.42e+05
6.426e+05
6.432e+05
6.438e+05
6.444e+05
6.45e+05
6.456e+05
6.462e+05
6.468e+05
6.474e+05
6.48e+05
6.486e+05
6.492e+05
6.498e+05
6.504e+05
6.51e+05
6.516e+05
6.522e+05
6.528e+05
6.534e+05
6.54e+05
6.546e+05
6.552e+05
6.558e+05
6.564e+05
6.57e+05
6.576e+05
6.582e+05
6.588e+05
6.594e+05
6.6e+05
6.606e+05
6.612e+05
6.618e+05
6.624e+05
6.63e+05
6.636e+05
6.642e+05
6.648e+05
6.654e+05
6.66e+05
6.666e+05
6.672e+05
6.678e+05
6.684e+05
6.69e+05
6.696e+05
6.702e+05
6.708e+05
6.714e+05
6.72e+05
6.726e+05
6.732e+05
6.738e+05
6.744e+05
6.75e+05
6.756e+05
6.762e+05
6.768e+05
6.774e+05
6.78e+05
6.786e+05
6.792e+05
6.798e+05
6.804e+05
6.81e+05
6.816e+05
6.822e+05
6.828e+05
6.834e+05
6.84e+05
6.846e+05
6.852e+05
6.858e+05
6.864e+05
6.87e+05
6.876e+05
6.882e+05
6.888e+05
6.894e+05
6.9e+05
6.906e+05
6.912e+05
6.918e+05
6.924e+05
6.93e+05
6.936e+05
6.942e+05
6.948e+05
6.954e+05
6.96e+05
6.966e+05
6.972e+05
6.978e+05
6.984e+05
6.99e+05
6.996e+05
7.002e+05
7.008e+05
7.014e+05
7.02e+05
7.026e+05
7.032e+05
7.038e+05
7.044e+05
7.05e+05
7.056e+05
7.062e+05
7.068e+05
7.074e+05
7.08e+05
7.086e+05
7.092e+05
7.098e+05
7.104e+05
7.11e+05
7.116e+05
7.122e+05
7.128e+05
7.134e+05
7.14e+05
7.146e+05
7.152e+05
7.158e+05
7.164e+05
7.17e+05
7.176e+05
7.182e+05
7.188e+05
7.194e+05
7.2e+05
7.206e+05
7.212e+05
7.218e+05
7.224e+05
7.23e+05
7.236e+05
7.242e+05
7.248e+05
7.254e+05
7.26e+05
7.266e+05
7.272e+05
7.278e+05
7.284e+05
7.29e+05
7.296e+05
7.302e+05
7.308e+05
7.314e+05
7.32e+05
7.326e+05
7.332e+05
7.338e+05
7.344e+05
7.35e+05
7.356e+05
7.362e+05
7.368e+05
7.374e+05
7.38e+05
7.386e+05
7.392e+05
7.398e+05
7.404e+05
7.41e+05
7.416e+05
7.422e+05
7.428e+05
7.434e+05
7.44e+05
7.446e+05
7.452e+05
7.458e+05
7.464e+05
7.47e+05
7.476e+05
7.482e+05
7.488e+05
7.494e+05
7.5e+05
7.506e+05
7.512e+05
7.518e+05
7.524e+05
7.53e+05
7.536e+05
7.542e+05
7.548e+05
7.554e+05
7.56e+05
7.566e+05
7.572e+05
7.578e+05
7.584e+05
7.59e+05
7.596e+05
7.602e+05
7.608e+05
7.614e+05
7.62e+05
7.626e+05
7.632e+05
7.638e+05
7.644e+05
7.65e+05
7.656e+05
7.662e+05
7.668e+05
7.674e+05
7.68e+05
7.686e+05
7.692e+05
7.698e+05
7.704e+05
7.71e+05
7.716e+05
7.722e+05
7.728e+05
7.734e+05
7.74e+05
7.746e+05
7.752e+05
7.758e+05
7.764e+05
7.77e+05
7.776e+05
7.782e+05
7.788e+05
7.794e+05
7.8e+05
7.806e+05
7.812e+05
7.818e+05
7.824e+05
7.83e+05
7.836e+05
7.842e+05
7.848e+05
7.854e+05
7.86e+05
7.866e+05
7.872e+05
7.878e+05
7.884e+05
7.89e+05
7.896e+05
7.902e+05
7.908e+05
7.914e+05
7.92e+05
7.926e+05
7.932e+05
7.938e+05
7.944e+05
7.95e+05
7.956e+05
7.962e+05
7.968e+05
7.974e+05
7.98e+05
7.986e+05
7.992e+05
7.998e+05
8.004e+05
8.01e+05
8.016e+05
8.022e+05
8.028e+05
8.034e+05
8.04e+05
8.046e+05
8.052e+05
8.058e+05
8.064e+05
8.07e+05
8.076e+05
8.082e+05
8.088e+05
8.094e+05
8.1e+05
8.106e+05
8.112e+05
8.118e+05
8.124e+05
8.13e+05
8.136e+05
8.142e+05
8.148e+05
8.154e+05
8.16e+05
8.166e+05
8.172e+05
8.178e+05
8.184e+05
8.19e+05
8.196e+05
8.202e+05
8.208e+05
8.214e+05
8.22e+05
8.226e+05
8.232e+05
8.238e+05
8.244e+05
8.25e+05
8.256e+05
8.262e+05
8.268e+05
8.274e+05
8.28e+05
8.286e+05
8.292e+05
8.298e+05
8.304e+05
8.31e+05
8.316e+05
8.322e+05
8.328e+05
8.334e+05
8.34e+05
8.346e+05
8.352e+05
8.358e+05
8.364e+05
8.37e+05
8.376e+05
8.382e+05
8.388e+05
8.394e+05
8.4e+05
8.406e+05
8.412e+05
8.418e+05
8.424e+05
8.43e+05
8.436e+05
8.442e+05
8.448e+05
8.454e+05
8.46e+05
8.466e+05
8.472e+05
8.478e+05
8.484e+05
8.49e+05
8.496e+05
8.502e+05
8.508e+05
8.514e+05
8.52e+05
8.526e+05
8.532e+05
8.538e+05
8.544e+05
8.55e+05
8.556e+05
8.562e+05
8.568e+05
8.574e+05
8.58e+05
8.586e+05
8.592e+05
8.598e+05
8.604e+05
8.61e+05
8.616e+05
8.622e+05
8.628e+05
8.634e+05
8.64e+05
8.646e+05
8.652e+05
8.658e+05
8.664e+05
8.67e+05
8.676e+05
8.682e+05
8.688e+05
8.694e+05
8.7e+05
8.706e+05
8.712e+05
8.718e+05
8.724e+05
8.73e+05
8.736e+05
8.742e+05
8.748e+05
8.754e+05
8.76e+05
8.766e+05
8.772e+05
8.778e+05
8.784e+05
8.79e+05
8.796e+05
8.802e+05
8.808e+05
8.814e+05
8.82e+05
8.826e+05
8.832e+05
8.838e+05
8.844e+05
8.85e+05
8.856e+05
8.862e+05
8.868e+05
8.874e+05
8.88e+05
8.886e+05
8.892e+05
8.898e+05
8.904e+05
8.91e+05
8.916e+05
8.922e+05
8.928e+05
8.934e+05
8.94e+05
8.946e+05
8.952e+05
8.958e+05
8.964e+05
8.97e+05
8.976e+05
8.982e+05
8.988e+05
8.994e+05
9e+05
9.006e+05
9.012e+05
9.018e+05
9.024e+05
9.03e+05
9.036e+05
9.042e+05
9.048e+05
9.054e+05
9.06e+05
9.066e+05
9.072e+05
9.078e+05
9.084e+05
9.09e+05
9.096e+05
9.102e+05
9.108e+05
9.114e+05
9.12e+05
9.126e+05
9.132e+05
9.138e+05
9.144e+05
9.15e+05
9.156e+05
9.162e+05
9.168e+05
9.174e+05
9.18e+05
9.186e+05
9.192e+05
9.198e+05
9.204e+05
9.21e+05
9.216e+05
9.222e+05
9.228e+05
9.234e+05
9.24e+05
9.246e+05
9.252e+05
9.258e+05
9.264e+05
9.27e+05
9.276e+05
9.282e+05
9.288e+05
9.294e+05
9.3e+05
9.306e+05
9.312e+05
9.318e+05
9.324e+05
9.33e+05
9.336e+05
9.342e+05
9.348e+05
9.354e+05
9.36e+05
9.366e+05
9.372e+05
9.378e+05
9.384e+05
9.39e+05
9.396e+05
9.402e+05
9.408e+05
9.414e+05
9.42e+05
9.426e+05
9.432e+05
9.438e+05
9.444e+05
9.45e+05
9.456e+05
9.462e+05
9.468e+05
9.474e+05
9.48e+05
9.486e+05
9.492e+05
9.498e+05
9.504e+05
9.51e+05
9.516e+05
9.522e+05
9.528e+05
9.534e+05
9.54e+05
9.546e+05
9.552e+05
9.558e+05
9.564e+05
9.57e+05
9.576e+05
9.582e+05
9.588e+05
9.594e+05
9.6e+05
9.606e+05
9.612e+05
9.618e+05
9.624e+05
9.63e+05
9.636e+05
9.642e+05
9.648e+05
9.654e+05
9.66e+05
9.666e+05
9.672e+05
9.678e+05
9.684e+05
9.69e+05
9.696e+05
9.702e+05
9.708e+05
9.714e+05
9.72e+05
9.726e+05
9.732e+05
9.738e+05
9.744e+05
9.75e+05
9.756e+05
9.762e+05
9.768e+05
9.774e+05
9.78e+05
9.786e+05
9.792e+05
9.798e+05
9.804e+05
9.81e+05
9.816e+05
9.822e+05
9.828e+05
9.834e+05
9.84e+05
9.846e+05
9.852e+05
9.858e+05
9.864e+05
9.87e+05
9.876e+05
9.882e+05
9.888e+05
9.894e+05
9.9e+05
9.906e+05
9.912e+05
9.918e+05
9.924e+05
9.93e+05
9.936e+05
9.942e+05
9.948e+05
9.954e+05
9.96e+05
9.966e+05
9.972e+05
9.978e+05
9.984e+05
9.99e+05
9.996e+05
1.0002e+06
1.0008e+06
1.0014e+06
1.002e+06
1.0026e+06
1.0032e+06
1.0038e+06
1.0044e+06
1.005e+06
1.0056e+06
1.0062e+06
1.0068e+06
1.0074e+06
1.008e+06
1.0086e+06
1.0092e+06
1.0098e+06
1.0104e+06
1.011e+06
1.0116e+06
1.0122e+06
1.0128e+06
1.0134e+06
1.014e+06
1.0146e+06
1.0152e+06
1.0158e+06
1.0164e+06
1.017e+06
1.0176e+06
1.0182e+06
1.0188e+06
1.0194e+06
1.02e+06
1.0206e+06
1.0212e+06
1.0218e+06
1.0224e+06
1.023e+06
1.0236e+06
1.0242e+06
1.0248e+06
1.0254e+06
1.026e+06
1.0266e+06
1.0272e+06
1.0278e+06
1.0284e+06
1.029e+06
1.0296e+06
1.0302e+06
1.0308e+06
1.0314e+06
1.032e+06
1.0326e+06
1.0332e+06
1.0338e+06
1.0344e+06
1.035e+06
1.0356e+06
1.0362e+06
1.0368e+06
1.0374e+06
1.038e+06
1.0386e+06
1.0392e+06
1.0398e+06
1.0404e+06
1.041e+06
1.0416e+06
1.0422e+06
1.0428e+06
1.0434e+06
1.044e+06
1.0446e+06
1.0452e+06
1.0458e+06
1.0464e+06
1.047e+06
1.0476e+06
1.0482e+06
1.0488e+06
1.0494e+06
1.05e+06
1.0506e+06
1.0512e+06
1.0518e+06
1.0524e+06
1.053e+06
1.0536e+06
1.0542e+06
1.0548e+06
1.0554e+06
1.056e+06
1.0566e+06
1.0572e+06
1.0578e+06
1.0584e+06
1.059e+06
1.0596e+06
1.0602e+06
1.0608e+06
1.0614e+06
1.062e+06
1.0626e+06
1.0632e+06
1.0638e+06
1.0644e+06
1.065e+06
1.0656e+06
1.0662e+06
1.0668e+06
1.0674e+06
1.068e+06
1.0686e+06
1.0692e+06
1.0698e+06
1.0704e+06
1.071e+06
1.0716e+06
1.0722e+06
1.0728e+06
1.0734e+06
1.074e+06
1.0746e+06
1.0752e+06
1.0758e+06
1.0764e+06
1.077e+06
1.0776e+06
1.0782e+06
1.0788e+06
1.0794e+06
1.08e+06
1.0806e+06
1.0812e+06
1.0818e+06
1.0824e+06
1.083e+06
1.0836e+06
1.0842e+06
1.0848e+06
1.0854e+06
1.086e+06
1.0866e+06
1.0872e+06
1.0878e+06
1.0884e+06
1.089e+06
1.0896e+06
1.0902e+06
1.0908e+06
1.0914e+06
1.092e+06
1.0926e+06
1.0932e+06
1.0938e+06
1.0944e+06
1.095e+06
1.0956e+06
1.0962e+06
1.0968e+06
1.0974e+06
1.098e+06
1.0986e+06
1.0992e+06
1.0998e+06
1.1004e+06
1.101e+06
1.1016e+06
1.1022e+06
1.1028e+06
1.1034e+06
1.104e+06
1.1046e+06
1.1052e+06
1.1058e+06
1.1064e+06
1.107e+06
1.1076e+06
1.1082e+06
1.1088e+06
1.1094e+06
1.11e+06
1.1106e+06
1.1112e+06
1.1118e+06
1.1124e+06
1.113e+06
1.1136e+06
1.1142e+06
1.1148e+06
1.1154e+06
1.116e+06
1.1166e+06
1.1172e+06
1.1178e+06
1.1184e+06
1.119e+06
1.1196e+06
1.1202e+06
1.1208e+06
1.1214e+06
1.122e+06
1.1226e+06
1.1232e+06
1.1238e+06
1.1244e+06
1.125e+06
1.1256e+06
1.1262e+06
1.1268e+06
1.1274e+06
1.128e+06
1.1286e+06
1.1292e+06
1.1298e+06
1.1304e+06
1.131e+06
1.1316e+06
1.1322e+06
1.1328e+06
1.1334e+06
1.134e+06
1.1346e+06
1.1352e+06
1.1358e+06
1.1364e+06
1.137e+06
1.1376e+06
1.1382e+06
1.1388e+06
1.1394e+06
1.14e+06
1.1406e+06
1.1412e+06
1.1418e+06
1.1424e+06
1.143e+06
1.1436e+06
1.1442e+06
1.1448e+06
1.1454e+06
1.146e+06
1.1466e+06
1.1472e+06
1.1478e+06
1.1484e+06
1.149e+06
1.1496e+06
1.1502e+06
1.1508e+06
1.1514e+06
1.152e+06
1.1526e+06
1.1532e+06
1.1538e+06
1.1544e+06
1.155e+06
1.1556e+06
1.1562e+06
1.1568e+06
1.1574e+06
1.158e+06
1.1586e+06
1.1592e+06
1.1598e+06
1.1604e+06
1.161e+06
1.1616e+06
1.1622e+06
1.1628e+06
1.1634e+06
1.164e+06
1.1646e+06
1.1652e+06
1.1658e+06
1.1664e+06
1.167e+06
1.1676e+06
1.1682e+06
1.1688e+06
1.1694e+06
1.17e+06
1.1706e+06
1.1712e+06
1.1718e+06
1.1724e+06
1.173e+06
1.1736e+06
1.1742e+06
1.1748e+06
1.1754e+06
1.176e+06
1.1766e+06
1.1772e+06
1.1778e+06
1.1784e+06
1.179e+06
1.1796e+06
1.1802e+06
1.1808e+06
1.1814e+06
1.182e+06
1.1826e+06
1.1832e+06
1.1838e+06
1.1844e+06
1.185e+06
1.1856e+06
1.1862e+06
1.1868e+06
1.1874e+06
1.188e+06
1.1886e+06
1.1892e+06
1.1898e+06
1.1904e+06
1.191e+06
1.1916e+06
1.1922e+06
1.1928e+06
1.1934e+06
1.194e+06
1.1946e+06
1.1952e+06
1.1958e+06
1.1964e+06
1.197e+06
1.1976e+06
1.1982e+06
1.1988e+06
1.1994e+06
1.2e+06
1.2006e+06
1.2012e+06
1.2018e+06
1.2024e+06
1.203e+06
1.2036e+06
1.2042e+06
1.2048e+06
1.2054e+06
1.206e+06
1.2066e+06
1.2072e+06
1.2078e+06
1.2084e+06
1.209e+06
1.2096e+06
1.2102e+06
1.2108e+06
1.2114e+06
1.212e+06
1.2126e+06
1.2132e+06
1.2138e+06
1.2144e+06
1.215e+06
1.2156e+06
1.2162e+06
1.2168e+06
1.2174e+06
1.218e+06
1.2186e+06
1.2192e+06
1.2198e+06
1.2204e+06
1.221e+06
1.2216e+06
1.2222e+06
1.2228e+06
1.2234e+06
1.224e+06
1.2246e+06
1.2252e+06
1.2258e+06
1.2264e+06
1.227e+06
1.2276e+06
1.2282e+06
1.2288e+06
1.2294e+06
1.23e+06
1.2306e+06
1.2312e+06
1.2318e+06
1.2324e+06
1.233e+06
1.2336e+06
1.2342e+06
1.2348e+06
1.2354e+06
1.236e+06
1.2366e+06
1.2372e+06
1.2378e+06
1.2384e+06
1.239e+06
1.2396e+06
1.2402e+06
1.2408e+06
1.2414e+06
1.242e+06
1.2426e+06
1.2432e+06
1.2438e+06
1.2444e+06
1.245e+06
1.2456e+06
1.2462e+06
1.2468e+06
1.2474e+06
1.248e+06
1.2486e+06
1.2492e+06
1.2498e+06
1.2504e+06
1.251e+06
1.2516e+06
1.2522e+06
1.2528e+06
1.2534e+06
1.254e+06
1.2546e+06
1.2552e+06
1.2558e+06
1.2564e+06
1.257e+06
1.2576e+06
1.2582e+06
1.2588e+06
1.2594e+06
1.26e+06
1.2606e+06
1.2612e+06
1.2618e+06
1.2624e+06
1.263e+06
1.2636e+06
1.2642e+06
1.2648e+06
1.2654e+06
1.266e+06
1.2666e+06
1.2672e+06
1.2678e+06
1.2684e+06
1.269e+06
1.2696e+06
1.2702e+06
1.2708e+06
1.2714e+06
1.272e+06
1.2726e+06
1.2732e+06
1.2738e+06
1.2744e+06
1.275e+06
1.2756e+06
1.2762e+06
1.2768e+06
1.2774e+06
1.278e+06
1.2786e+06
1.2792e+06
1.2798e+06
1.2804e+06
1.281e+06
1.2816e+06
1.2822e+06
1.2828e+06
1.2834e+06
1.284e+06
1.2846e+06
1.2852e+06
1.2858e+06
1.2864e+06
1.287e+06
1.2876e+06
1.2882e+06
1.2888e+06
1.2894e+06
1.29e+06
1.2906e+06
1.2912e+06
1.2918e+06
1.2924e+06
1.293e+06
1.2936e+06
1.2942e+06
1.2948e+06
1.2954e+06
1.296e+06
1.2966e+06
1.2972e+06
1.2978e+06
1.2984e+06
1.299e+06
1.2996e+06
1.3002e+06
1.3008e+06
1.3014e+06
1.302e+06
1.3026e+06
1.3032e+06
1.3038e+06
1.3044e+06
1.305e+06
1.3056e+06
1.3062e+06
1.3068e+06
1.3074e+06
1.308e+06
1.3086e+06
1.3092e+06
1.3098e+06
1.3104e+06
1.311e+06
1.3116e+06
1.3122e+06
1.3128e+06
1.3134e+06
1.314e+06
1.3146e+06
1.3152e+06
1.3158e+06
1.3164e+06
1.317e+06
1.3176e+06
1.3182e+06
1.3188e+06
1.3194e+06
1.32e+06
1.3206e+06
1.3212e+06
1.3218e+06
1.3224e+06
1.323e+06
1.3236e+06
1.3242e+06
1.3248e+06
1.3254e+06
1.326e+06
1.3266e+06
1.3272e+06
1.3278e+06
1.3284e+06
1.329e+06
1.3296e+06
1.3302e+06
1.3308e+06
1.3314e+06
1.332e+06
1.3326e+06
1.3332e+06
1.3338e+06
1.3344e+06
1.335e+06
1.3356e+06
1.3362e+06
1.3368e+06
1.3374e+06
1.338e+06
1.3386e+06
1.3392e+06
1.3398e+06
1.3404e+06
1.341e+06
1.3416e+06
1.3422e+06
1.3428e+06
1.3434e+06
1.344e+06
1.3446e+06
1.3452e+06
1.3458e+06
1.3464e+06
1.347e+06
1.3476e+06
1.3482e+06
1.3488e+06
1.3494e+06
1.35e+06
1.3506e+06
1.3512e+06
1.3518e+06
1.3524e+06
1.353e+06
1.3536e+06
1.3542e+06
1.3548e+06
1.3554e+06
1.356e+06
1.3566e+06
1.3572e+06
1.3578e+06
1.3584e+06
1.359e+06
1.3596e+06
1.3602e+06
1.3608e+06
1.3614e+06
1.362e+06
1.3626e+06
1.3632e+06
1.3638e+06
1.3644e+06
1.365e+06
1.3656e+06
1.3662e+06
1.3668e+06
1.3674e+06
1.368e+06
1.3686e+06
1.3692e+06
1.3698e+06
1.3704e+06
1.371e+06
1.3716e+06
1.3722e+06
1.3728e+06
1.3734e+06
1.374e+06
1.3746e+06
1.3752e+06
1.3758e+06
1.3764e+06
1.377e+06
1.3776e+06
1.3782e+06
1.3788e+06
1.3794e+06
1.38e+06
1.3806e+06
1.3812e+06
1.3818e+06
1.3824e+06
1.383e+06
1.3836e+06
1.3842e+06
1.3848e+06
1.3854e+06
1.386e+06
1.3866e+06
1.3872e+06
1.3878e+06
1.3884e+06
1.389e+06
1.3896e+06
1.3902e+06
1.3908e+06
1.3914e+06
1.392e+06
1.3926e+06
1.3932e+06
1.3938e+06
1.3944e+06
1.395e+06
1.3956e+06
1.3962e+06
1.3968e+06
1.3974e+06
1.398e+06
1.3986e+06
1.3992e+06
1.3998e+06
1.4004e+06
1.401e+06
1.4016e+06
1.4022e+06
1.4028e+06
1.4034e+06
1.404e+06
1.4046e+06
1.4052e+06
1.4058e+06
1.4064e+06
1.407e+06
1.4076e+06
1.4082e+06
1.4088e+06
1.4094e+06
1.41e+06
1.4106e+06
1.4112e+06
1.4118e+06
1.4124e+06
1.413e+06
1.4136e+06
1.4142e+06
1.4148e+06
1.4154e+06
1.416e+06
1.4166e+06
1.4172e+06
1.4178e+06
1.4184e+06
1.419e+06
1.4196e+06
1.4202e+06
1.4208e+06
1.4214e+06
1.422e+06
1.4226e+06
1.4232e+06
1.4238e+06
1.4244e+06
1.425e+06
1.4256e+06
1.4262e+06
1.4268e+06
1.4274e+06
1.428e+06
1.4286e+06
1.4292e+06
1.4298e+06
1.4304e+06
1.431e+06
1.4316e+06
1.4322e+06
1.4328e+06
1.4334e+06
1.434e+06
1.4346e+06
1.4352e+06
1.4358e+06
1.4364e+06
1.437e+06
1.4376e+06
1.4382e+06
1.4388e+06
1.4394e+06
1.44e+06
1.4406e+06
1.4412e+06
1.4418e+06
1.4424e+06
1.443e+06
1.4436e+06
1.4442e+06
1.4448e+06
1.4454e+06
1.446e+06
1.4466e+06
1.4472e+06
1.4478e+06
1.4484e+06
1.449e+06
1.4496e+06
1.4502e+06
1.4508e+06
1.4514e+06
1.452e+06
1.4526e+06
1.4532e+06
1.4538e+06
1.4544e+06
1.455e+06
1.4556e+06
1.4562e+06
1.4568e+06
1.4574e+06
1.458e+06
1.4586e+06
1.4592e+06
1.4598e+06
1.4604e+06
1.461e+06
1.4616e+06
1.4622e+06
1.4628e+06
1.4634e+06
1.464e+06
1.4646e+06
1.4652e+06
1.4658e+06
1.4664e+06
1.467e+06
1.4676e+06
1.4682e+06
1.4688e+06
1.4694e+06
1.47e+06
1.4706e+06
1.4712e+06
1.4718e+06
1.4724e+06
1.473e+06
1.4736e+06
1.4742e+06
1.4748e+06
1.4754e+06
1.476e+06
1.4766e+06
1.4772e+06
1.4778e+06
1.4784e+06
1.479e+06
1.4796e+06
1.4802e+06
1.4808e+06
1.4814e+06
1.482e+06
1.4826e+06
1.4832e+06
1.4838e+06
1.4844e+06
1.485e+06
1.4856e+06
1.4862e+06
1.4868e+06
1.4874e+06
1.488e+06
1.4886e+06
1.4892e+06
1.4898e+06
1.4904e+06
1.491e+06
1.4916e+06
1.4922e+06
1.4928e+06
1.4934e+06
1.494e+06
1.4946e+06
1.4952e+06
1.4958e+06
1.4964e+06
1.497e+06
1.4976e+06
1.4982e+06
1.4988e+06
1.4994e+06
1.5e+06
1.5006e+06
1.5012e+06
1.5018e+06
1.5024e+06
1.503e+06
1.5036e+06
1.5042e+06
1.5048e+06
1.5054e+06
1.506e+06
1.5066e+06
1.5072e+06
1.5078e+06
1.5084e+06
1.509e+06
1.5096e+06
1.5102e+06
1.5108e+06
1.5114e+06
1.512e+06
1.5126e+06
1.5132e+06
1.5138e+06
1.5144e+06
1.515e+06
1.5156e+06
1.5162e+06
1.5168e+06
1.5174e+06
1.518e+06
1.5186e+06
1.5192e+06
1.5198e+06
1.5204e+06
1.521e+06
1.5216e+06
1.5222e+06
1.5228e+06
1.5234e+06
1.524e+06
1.5246e+06
1.5252e+06
1.5258e+06
1.5264e+06
1.527e+06
1.5276e+06
1.5282e+06
1.5288e+06
1.5294e+06
1.53e+06
1.5306e+06
1.5312e+06
1.5318e+06
1.5324e+06
1.533e+06
1.5336e+06
1.5342e+06
1.5348e+06
1.5354e+06
1.536e+06
1.5366e+06
1.5372e+06
1.5378e+06
1.5384e+06
1.539e+06
1.5396e+06
1.5402e+06
1.5408e+06
1.5414e+06
1.542e+06
1.5426e+06
1.5432e+06
1.5438e+06
1.5444e+06
1.545e+06
1.5456e+06
1.5462e+06
1.5468e+06
1.5474e+06
1.548e+06
1.5486e+06
1.5492e+06
1.5498e+06
1.5504e+06
1.551e+06
1.5516e+06
1.5522e+06
1.5528e+06
1.5534e+06
1.554e+06
1.5546e+06
1.5552e+06
1.5558e+06
1.5564e+06
1.557e+06
1.5576e+06
1.5582e+06
1.5588e+06
1.5594e+06
1.56e+06
1.5606e+06
1.5612e+06
1.5618e+06
1.5624e+06
1.563e+06
1.5636e+06
1.5642e+06
1.5648e+06
1.5654e+06
1.566e+06
1.5666e+06
1.5672e+06
1.5678e+06
1.5684e+06
1.569e+06
1.5696e+06
1.5702e+06
1.5708e+06
1.5714e+06
1.572e+06
1.5726e+06
1.5732e+06
1.5738e+06
1.5744e+06
1.575e+06
1.5756e+06
1.5762e+06
1.5768e+06
1.5774e+06
1.578e+06
1.5786e+06
1.5792e+06
1.5798e+06
1.5804e+06
1.581e+06
1.5816e+06
1.5822e+06
1.5828e+06
1.5834e+06
1.584e+06
1.5846e+06
1.5852e+06
1.5858e+06
1.5864e+06
1.587e+06
1.5876e+06
1.5882e+06
1.5888e+06
1.5894e+06
1.59e+06
1.5906e+06
1.5912e+06
1.5918e+06
1.5924e+06
1.593e+06
1.5936e+06
1.5942e+06
1.5948e+06
1.5954e+06
1.596e+06
1.5966e+06
1.5972e+06
1.5978e+06
1.5984e+06
1.599e+06
1.5996e+06
1.6002e+06
1.6008e+06
1.6014e+06
1.602e+06
1.6026e+06
1.6032e+06
1.6038e+06
1.6044e+06
1.605e+06
1.6056e+06
1.6062e+06
1.6068e+06
1.6074e+06
1.608e+06
1.6086e+06
1.6092e+06
1.6098e+06
1.6104e+06
1.611e+06
1.6116e+06
1.6122e+06
1.6128e+06
1.6134e+06
1.614e+06
1.6146e+06
1.6152e+06
1.6158e+06
1.6164e+06
1.617e+06
1.6176e+06
1.6182e+06
1.6188e+06
1.6194e+06
1.62e+06
1.6206e+06
1.6212e+06
1.6218e+06
1.6224e+06
1.623e+06
1.6236e+06
1.6242e+06
1.6248e+06
1.6254e+06
1.626e+06
1.6266e+06
1.6272e+06
1.6278e+06
1.6284e+06
1.629e+06
1.6296e+06
1.6302e+06
1.6308e+06
1.6314e+06
1.632e+06
1.6326e+06
1.6332e+06
1.6338e+06
1.6344e+06
1.635e+06
1.6356e+06
1.6362e+06
1.6368e+06
1.6374e+06
1.638e+06
1.6386e+06
1.6392e+06
1.6398e+06
1.6404e+06
1.641e+06
1.6416e+06
1.6422e+06
1.6428e+06
1.6434e+06
1.644e+06
1.6446e+06
1.6452e+06
1.6458e+06
1.6464e+06
1.647e+06
1.6476e+06
1.6482e+06
1.6488e+06
1.6494e+06
1.65e+06
1.6506e+06
1.6512e+06
1.6518e+06
1.6524e+06
1.653e+06
1.6536e+06
1.6542e+06
1.6548e+06
1.6554e+06
1.656e+06
1.6566e+06
1.6572e+06
1.6578e+06
1.6584e+06
1.659e+06
1.6596e+06
1.6602e+06
1.6608e+06
1.6614e+06
1.662e+06
1.6626e+06
1.6632e+06
1.6638e+06
1.6644e+06
1.665e+06
1.6656e+06
1.6662e+06
1.6668e+06
1.6674e+06
1.668e+06
1.6686e+06
1.6692e+06
1.6698e+06
1.6704e+06
1.671e+06
1.6716e+06
1.6722e+06
1.6728e+06
1.6734e+06
1.674e+06
1.6746e+06
1.6752e+06
1.6758e+06
1.6764e+06
1.677e+06
1.6776e+06
1.6782e+06
1.6788e+06
1.6794e+06
1.68e+06
1.6806e+06
1.6812e+06
1.6818e+06
1.6824e+06
1.683e+06
1.6836e+06
1.6842e+06
1.6848e+06
1.6854e+06
1.686e+06
1.6866e+06
1.6872e+06
1.6878e+06
1.6884e+06
1.689e+06
1.6896e+06
1.6902e+06
1.6908e+06
1.6914e+06
1.692e+06
1.6926e+06
1.6932e+06
1.6938e+06
1.6944e+06
1.695e+06
1.6956e+06
1.6962e+06
1.6968e+06
1.6974e+06
1.698e+06
1.6986e+06
1.6992e+06
1.6998e+06
1.7004e+06
1.701e+06
1.7016e+06
1.7022e+06
1.7028e+06
1.7034e+06
1.704e+06
1.7046e+06
1.7052e+06
1.7058e+06
1.7064e+06
1.707e+06
1.7076e+06
1.7082e+06
1.7088e+06
1.7094e+06
1.71e+06
1.7106e+06
1.7112e+06
1.7118e+06
1.7124e+06
1.713e+06
1.7136e+06
1.7142e+06
1.7148e+06
1.7154e+06
1.716e+06
1.7166e+06
1.7172e+06
1.7178e+06
1.7184e+06
1.719e+06
1.7196e+06
1.7202e+06
1.7208e+06
1.7214e+06
1.722e+06
1.7226e+06
1.7232e+06
1.7238e+06
1.7244e+06
1.725e+06
1.7256e+06
1.7262e+06
1.7268e+06
1.7274e+06
1.728e+06
1.7286e+06
1.7292e+06
1.7298e+06
1.7304e+06
1.731e+06
1.7316e+06
1.7322e+06
1.7328e+06
1.7334e+06
1.734e+06
1.7346e+06
1.7352e+06
1.7358e+06
1.7364e+06
1.737e+06
1.7376e+06
1.7382e+06
1.7388e+06
1.7394e+06
1.74e+06
1.7406e+06
1.7412e+06
1.7418e+06
1.7424e+06
1.743e+06
1.7436e+06
1.7442e+06
1.7448e+06
1.7454e+06
1.746e+06
1.7466e+06
1.7472e+06
1.7478e+06
1.7484e+06
1.749e+06
1.7496e+06
1.7502e+06
1.7508e+06
1.7514e+06
1.752e+06
1.7526e+06
1.7532e+06
1.7538e+06
1.7544e+06
1.755e+06
1.7556e+06
1.7562e+06
1.7568e+06
1.7574e+06
1.758e+06
1.7586e+06
1.7592e+06
1.7598e+06
1.7604e+06
1.761e+06
1.7616e+06
1.7622e+06
1.7628e+06
1.7634e+06
1.764e+06
1.7646e+06
1.7652e+06
1.7658e+06
1.7664e+06
1.767e+06
1.7676e+06
1.7682e+06
1.7688e+06
1.7694e+06
1.77e+06
1.7706e+06
1.7712e+06
1.7718e+06
1.7724e+06
1.773e+06
1.7736e+06
1.7742e+06
1.7748e+06
1.7754e+06
1.776e+06
1.7766e+06
1.7772e+06
1.7778e+06
1.7784e+06
1.779e+06
1.7796e+06
1.7802e+06
1.7808e+06
1.7814e+06
1.782e+06
1.7826e+06
1.7832e+06
1.7838e+06
1.7844e+06
1.785e+06
1.7856e+06
1.7862e+06
1.7868e+06
1.7874e+06
1.788e+06
1.7886e+06
1.7892e+06
1.7898e+06
1.7904e+06
1.791e+06
1.7916e+06
1.7922e+06
1.7928e+06
1.7934e+06
1.794e+06
1.7946e+06
1.7952e+06
1.7958e+06
1.7964e+06
1.797e+06
1.7976e+06
1.7982e+06
1.7988e+06
1.7994e+06
1.8e+06
1.8006e+06
1.8012e+06
1.8018e+06
1.8024e+06
1.803e+06
1.8036e+06
1.8042e+06
1.8048e+06
1.8054e+06
1.806e+06
1.8066e+06
1.8072e+06
1.8078e+06
1.8084e+06
1.809e+06
1.8096e+06
1.8102e+06
1.8108e+06
1.8114e+06
1.812e+06
1.8126e+06
1.8132e+06
1.8138e+06
1.8144e+06
1.815e+06
1.8156e+06
1.8162e+06
1.8168e+06
1.8174e+06
1.818e+06
1.8186e+06
1.8192e+06
1.8198e+06
1.8204e+06
1.821e+06
1.8216e+06
1.8222e+06
1.8228e+06
1.8234e+06
1.824e+06
1.8246e+06
1.8252e+06
1.8258e+06
1.8264e+06
1.827e+06
1.8276e+06
1.8282e+06
1.8288e+06
1.8294e+06
1.83e+06
1.8306e+06
1.8312e+06
1.8318e+06
1.8324e+06
1.833e+06
1.8336e+06
1.8342e+06
1.8348e+06
1.8354e+06
1.836e+06
1.8366e+06
1.8372e+06
1.8378e+06
1.8384e+06
1.839e+06
1.8396e+06
1.8402e+06
1.8408e+06
1.8414e+06
1.842e+06
1.8426e+06
1.8432e+06
1.8438e+06
1.8444e+06
1.845e+06
1.8456e+06
1.8462e+06
1.8468e+06
1.8474e+06
1.848e+06
1.8486e+06
1.8492e+06
1.8498e+06
1.8504e+06
1.851e+06
1.8516e+06
1.8522e+06
1.8528e+06
1.8534e+06
1.854e+06
1.8546e+06
1.8552e+06
1.8558e+06
1.8564e+06
1.857e+06
1.8576e+06
1.8582e+06
1.8588e+06
1.8594e+06
1.86e+06
1.8606e+06
1.8612e+06
1.8618e+06
1.8624e+06
1.863e+06
1.8636e+06
1.8642e+06
1.8648e+06
1.8654e+06
1.866e+06
1.8666e+06
1.8672e+06
1.8678e+06
1.8684e+06
1.869e+06
1.8696e+06
1.8702e+06
1.8708e+06
1.8714e+06
1.872e+06
1.8726e+06
1.8732e+06
1.8738e+06
1.8744e+06
1.875e+06
1.8756e+06
1.8762e+06
1.8768e+06
1.8774e+06
1.878e+06
1.8786e+06
1.8792e+06
1.8798e+06
1.8804e+06
1.881e+06
1.8816e+06
1.8822e+06
1.8828e+06
1.8834e+06
1.884e+06
1.8846e+06
1.8852e+06
1.8858e+06
1.8864e+06
1.887e+06
1.8876e+06
1.8882e+06
1.8888e+06
1.8894e+06
1.89e+06
1.8906e+06
1.8912e+06
1.8918e+06
1.8924e+06
1.893e+06
1.8936e+06
1.8942e+06
1.8948e+06
1.8954e+06
1.896e+06
1.8966e+06
1.8972e+06
1.8978e+06
1.8984e+06
1.899e+06
1.8996e+06
1.9002e+06
1.9008e+06
1.9014e+06
1.902e+06
1.9026e+06
1.9032e+06
1.9038e+06
1.9044e+06
1.905e+06
1.9056e+06
1.9062e+06
1.9068e+06
1.9074e+06
1.908e+06
1.9086e+06
1.9092e+06
1.9098e+06
1.9104e+06
1.911e+06
1.9116e+06
1.9122e+06
1.9128e+06
1.9134e+06
1.914e+06
1.9146e+06
1.9152e+06
1.9158e+06
1.9164e+06
1.917e+06
1.9176e+06
1.9182e+06
1.9188e+06
1.9194e+06
1.92e+06
1.9206e+06
1.9212e+06
1.9218e+06
1.9224e+06
1.923e+06
1.9236e+06
1.9242e+06
1.9248e+06
1.9254e+06
1.926e+06
1.9266e+06
1.9272e+06
1.9278e+06
1.9284e+06
1.929e+06
1.9296e+06
1.9302e+06
1.9308e+06
1.9314e+06
1.932e+06
1.9326e+06
1.9332e+06
1.9338e+06
1.9344e+06
1.935e+06
1.9356e+06
1.9362e+06
1.9368e+06
1.9374e+06
1.938e+06
1.9386e+06
1.9392e+06
1.9398e+06
1.9404e+06
1.941e+06
1.9416e+06
1.9422e+06
1.9428e+06
1.9434e+06
1.944e+06
1.9446e+06
1.9452e+06
1.9458e+06
1.9464e+06
1.947e+06
1.9476e+06
1.9482e+06
1.9488e+06
1.9494e+06
1.95e+06
1.9506e+06
1.9512e+06
1.9518e+06
1.9524e+06
1.953e+06
1.9536e+06
1.9542e+06
1.9548e+06
1.9554e+06
1.956e+06
1.9566e+06
1.9572e+06
1.9578e+06
1.9584e+06
1.959e+06
1.9596e+06
1.9602e+06
1.9608e+06
1.9614e+06
1.962e+06
1.9626e+06
1.9632e+06
1.9638e+06
1.9644e+06
1.965e+06
1.9656e+06
1.9662e+06
1.9668e+06
1.9674e+06
1.968e+06
1.9686e+06
1.9692e+06
1.9698e+06
1.9704e+06
1.971e+06
1.9716e+06
1.9722e+06
1.9728e+06
1.9734e+06
1.974e+06
1.9746e+06
1.9752e+06
1.9758e+06
1.9764e+06
1.977e+06
1.9776e+06
1.9782e+06
1.9788e+06
1.9794e+06
1.98e+06
1.9806e+06
1.9812e+06
1.9818e+06
1.9824e+06
1.983e+06
1.9836e+06
1.9842e+06
1.9848e+06
1.9854e+06
1.986e+06
1.9866e+06
1.9872e+06
1.9878e+06
1.9884e+06
1.989e+06
1.9896e+06
1.9902e+06
1.9908e+06
1.9914e+06
1.992e+06
1.9926e+06
1.9932e+06
1.9938e+06
1.9944e+06
1.995e+06
1.9956e+06
1.9962e+06
1.9968e+06
1.9974e+06
1.998e+06
1.9986e+06
1.9992e+06
1.9998e+06
2.0004e+06
2.001e+06
2.0016e+06
2.0022e+06
2.0028e+06
2.0034e+06
2.004e+06
2.0046e+06
2.0052e+06
2.0058e+06
2.0064e+06
2.007e+06
2.0076e+06
2.0082e+06
2.0088e+06
2.0094e+06
2.01e+06
2.0106e+06
2.0112e+06
2.0118e+06
2.0124e+06
2.013e+06
2.0136e+06
2.0142e+06
2.0148e+06
2.0154e+06
2.016e+06
2.0166e+06
2.0172e+06
2.0178e+06
2.0184e+06
2.019e+06
2.0196e+06
2.0202e+06
2.0208e+06
2.0214e+06
2.022e+06
2.0226e+06
2.0232e+06
2.0238e+06
2.0244e+06
2.025e+06
2.0256e+06
2.0262e+06
2.0268e+06
2.0274e+06
2.028e+06
2.0286e+06
2.0292e+06
2.0298e+06
2.0304e+06
2.031e+06
2.0316e+06
2.0322e+06
2.0328e+06
2.0334e+06
2.034e+06
2.0346e+06
2.0352e+06
2.0358e+06
2.0364e+06
2.037e+06
2.0376e+06
2.0382e+06
2.0388e+06
2.0394e+06
2.04e+06
2.0406e+06
2.0412e+06
2.0418e+06
2.0424e+06
2.043e+06
2.0436e+06
2.0442e+06
2.0448e+06
2.0454e+06
2.046e+06
2.0466e+06
2.0472e+06
2.0478e+06
2.0484e+06
2.049e+06
2.0496e+06
2.0502e+06
2.0508e+06
2.0514e+06
2.052e+06
2.0526e+06
2.0532e+06
2.0538e+06
2.0544e+06
2.055e+06
2.0556e+06
2.0562e+06
2.0568e+06
2.0574e+06
2.058e+06
2.0586e+06
2.0592e+06
2.0598e+06
2.0604e+06
2.061e+06
2.0616e+06
2.0622e+06
2.0628e+06
2.0634e+06
2.064e+06
2.0646e+06
2.0652e+06
2.0658e+06
2.0664e+06
2.067e+06
2.0676e+06
2.0682e+06
2.0688e+06
2.0694e+06
2.07e+06
2.0706e+06
2.0712e+06
2.0718e+06
2.0724e+06
2.073e+06
2.0736e+06
2.0742e+06
2.0748e+06
2.0754e+06
2.076e+06
2.0766e+06
2.0772e+06
2.0778e+06
2.0784e+06
2.079e+06
2.0796e+06
2.0802e+06
2.0808e+06
2.0814e+06
2.082e+06
2.0826e+06
2.0832e+06
2.0838e+06
2.0844e+06
2.085e+06
2.0856e+06
2.0862e+06
2.0868e+06
2.0874e+06
2.088e+06
2.0886e+06
2.0892e+06
2.0898e+06
2.0904e+06
2.091e+06
2.0916e+06
2.0922e+06
2.0928e+06
2.0934e+06
2.094e+06
2.0946e+06
2.0952e+06
2.0958e+06
2.0964e+06
2.097e+06
2.0976e+06
2.0982e+06
2.0988e+06
2.0994e+06
2.1e+06
2.1006e+06
2.1012e+06
2.1018e+06
2.1024e+06
2.103e+06
2.1036e+06
2.1042e+06
2.1048e+06
2.1054e+06
2.106e+06
2.1066e+06
2.1072e+06
2.1078e+06
2.1084e+06
2.109e+06
2.1096e+06
2.1102e+06
2.1108e+06
2.1114e+06
2.112e+06
2.1126e+06
2.1132e+06
2.1138e+06
2.1144e+06
2.115e+06
2.1156e+06
2.1162e+06
2.1168e+06
2.1174e+06
2.118e+06
2.1186e+06
2.1192e+06
2.1198e+06
2.1204e+06
2.121e+06
2.1216e+06
2.1222e+06
2.1228e+06
2.1234e+06
2.124e+06
2.1246e+06
2.1252e+06
2.1258e+06
2.1264e+06
2.127e+06
2.1276e+06
2.1282e+06
2.1288e+06
2.1294e+06
2.13e+06
2.1306e+06
2.1312e+06
2.1318e+06
2.1324e+06
2.133e+06
2.1336e+06
2.1342e+06
2.1348e+06
2.1354e+06
2.136e+06
2.1366e+06
2.1372e+06
2.1378e+06
2.1384e+06
2.139e+06
2.1396e+06
2.1402e+06
2.1408e+06
2.1414e+06
2.142e+06
2.1426e+06
2.1432e+06
2.1438e+06
2.1444e+06
2.145e+06
2.1456e+06
2.1462e+06
2.1468e+06
2.1474e+06
2.148e+06
2.1486e+06
2.1492e+06
2.1498e+06
2.1504e+06
2.151e+06
2.1516e+06
2.1522e+06
2.1528e+06
2.1534e+06
2.154e+06
2.1546e+06
2.1552e+06
2.1558e+06
2.1564e+06
2.157e+06
2.1576e+06
2.1582e+06
2.1588e+06
2.1594e+06
2.16e+06
2.1606e+06
2.1612e+06
2.1618e+06
2.1624e+06
2.163e+06
2.1636e+06
2.1642e+06
2.1648e+06
2.1654e+06
2.166e+06
2.1666e+06
2.1672e+06
2.1678e+06
2.1684e+06
2.169e+06
2.1696e+06
2.1702e+06
2.1708e+06
2.1714e+06
2.172e+06
2.1726e+06
2.1732e+06
2.1738e+06
2.1744e+06
2.175e+06
2.1756e+06
2.1762e+06
2.1768e+06
2.1774e+06
2.178e+06
2.1786e+06
2.1792e+06
2.1798e+06
2.1804e+06
2.181e+06
2.1816e+06
2.1822e+06
2.1828e+06
2.1834e+06
2.184e+06
2.1846e+06
2.1852e+06
2.1858e+06
2.1864e+06
2.187e+06
2.1876e+06
2.1882e+06
2.1888e+06
2.1894e+06
2.19e+06
2.1906e+06
2.1912e+06
2.1918e+06
2.1924e+06
2.193e+06
2.1936e+06
2.1942e+06
2.1948e+06
2.1954e+06
2.196e+06
2.1966e+06
2.1972e+06
2.1978e+06
2.1984e+06
2.199e+06
2.1996e+06
2.2002e+06
2.2008e+06
2.2014e+06
2.202e+06
2.2026e+06
2.2032e+06
2.2038e+06
2.2044e+06
2.205e+06
2.2056e+06
2.2062e+06
2.2068e+06
2.2074e+06
2.208e+06
2.2086e+06
2.2092e+06
2.2098e+06
2.2104e+06
2.211e+06
2.2116e+06
2.2122e+06
2.2128e+06
2.2134e+06
2.214e+06
2.2146e+06
2.2152e+06
2.2158e+06
2.2164e+06
2.217e+06
2.2176e+06
2.2182e+06
2.2188e+06
2.2194e+06
2.22e+06
2.2206e+06
2.2212e+06
2.2218e+06
2.2224e+06
2.223e+06
2.2236e+06
2.2242e+06
2.2248e+06
2.2254e+06
2.226e+06
2.2266e+06
2.2272e+06
2.2278e+06
2.2284e+06
2.229e+06
2.2296e+06
2.2302e+06
2.2308e+06
2.2314e+06
2.232e+06
2.2326e+06
2.2332e+06
2.2338e+06
2.2344e+06
2.235e+06
2.2356e+06
2.2362e+06
2.2368e+06
2.2374e+06
2.238e+06
2.2386e+06
2.2392e+06
2.2398e+06
2.2404e+06
2.241e+06
2.2416e+06
2.2422e+06
2.2428e+06
2.2434e+06
2.244e+06
2.2446e+06
2.2452e+06
2.2458e+06
2.2464e+06
2.247e+06
2.2476e+06
2.2482e+06
2.2488e+06
2.2494e+06
2.25e+06
2.2506e+06
2.2512e+06
2.2518e+06
2.2524e+06
2.253e+06
2.2536e+06
2.2542e+06
2.2548e+06
2.2554e+06
2.256e+06
2.2566e+06
2.2572e+06
2.2578e+06
2.2584e+06
2.259e+06
2.2596e+06
2.2602e+06
2.2608e+06
2.2614e+06
2.262e+06
2.2626e+06
2.2632e+06
2.2638e+06
2.2644e+06
2.265e+06
2.2656e+06
2.2662e+06
2.2668e+06
2.2674e+06
2.268e+06
2.2686e+06
2.2692e+06
2.2698e+06
2.2704e+06
2.271e+06
2.2716e+06
2.2722e+06
2.2728e+06
2.2734e+06
2.274e+06
2.2746e+06
2.2752e+06
2.2758e+06
2.2764e+06
2.277e+06
2.2776e+06
2.2782e+06
2.2788e+06
2.2794e+06
2.28e+06
2.2806e+06
2.2812e+06
2.2818e+06
2.2824e+06
2.283e+06
2.2836e+06
2.2842e+06
2.2848e+06
2.2854e+06
2.286e+06
2.2866e+06
2.2872e+06
2.2878e+06
2.2884e+06
2.289e+06
2.2896e+06
2.2902e+06
2.2908e+06
2.2914e+06
2.292e+06
2.2926e+06
2.2932e+06
2.2938e+06
2.2944e+06
2.295e+06
2.2956e+06
2.2962e+06
2.2968e+06
2.2974e+06
2.298e+06
2.2986e+06
2.2992e+06
2.2998e+06
2.3004e+06
2.301e+06
2.3016e+06
2.3022e+06
2.3028e+06
2.3034e+06
2.304e+06
2.3046e+06
2.3052e+06
2.3058e+06
2.3064e+06
2.307e+06
2.3076e+06
2.3082e+06
2.3088e+06
2.3094e+06
2.31e+06
2.3106e+06
2.3112e+06
2.3118e+06
2.3124e+06
2.313e+06
2.3136e+06
2.3142e+06
2.3148e+06
2.3154e+06
2.316e+06
2.3166e+06
2.3172e+06
2.3178e+06
2.3184e+06
2.319e+06
2.3196e+06
2.3202e+06
2.3208e+06
2.3214e+06
2.322e+06
2.3226e+06
2.3232e+06
2.3238e+06
2.3244e+06
2.325e+06
2.3256e+06
2.3262e+06
2.3268e+06
2.3274e+06
2.328e+06
2.3286e+06
2.3292e+06
2.3298e+06
2.3304e+06
2.331e+06
2.3316e+06
2.3322e+06
2.3328e+06
2.3334e+06
2.334e+06
2.3346e+06
2.3352e+06
2.3358e+06
2.3364e+06
2.337e+06
2.3376e+06
2.3382e+06
2.3388e+06
2.3394e+06
2.34e+06
2.3406e+06
2.3412e+06
2.3418e+06
2.3424e+06
2.343e+06
2.3436e+06
2.3442e+06
2.3448e+06
2.3454e+06
2.346e+06
2.3466e+06
2.3472e+06
2.3478e+06
2.3484e+06
2.349e+06
2.3496e+06
2.3502e+06
2.3508e+06
2.3514e+06
2.352e+06
2.3526e+06
2.3532e+06
2.3538e+06
2.3544e+06
2.355e+06
2.3556e+06
2.3562e+06
2.3568e+06
2.3574e+06
2.358e+06
2.3586e+06
2.3592e+06
2.3598e+06
2.3604e+06
2.361e+06
2.3616e+06
2.3622e+06
2.3628e+06
2.3634e+06
2.364e+06
2.3646e+06
2.3652e+06
2.3658e+06
2.3664e+06
2.367e+06
2.3676e+06
2.3682e+06
2.3688e+06
2.3694e+06
2.37e+06
2.3706e+06
2.3712e+06
2.3718e+06
2.3724e+06
2.373e+06
2.3736e+06
2.3742e+06
2.3748e+06
2.3754e+06
2.376e+06
2.3766e+06
2.3772e+06
2.3778e+06
2.3784e+06
2.379e+06
2.3796e+06
2.3802e+06
2.3808e+06
2.3814e+06
2.382e+06
2.3826e+06
2.3832e+06
2.3838e+06
2.3844e+06
2.385e+06
2.3856e+06
2.3862e+06
2.3868e+06
2.3874e+06
2.388e+06
2.3886e+06
2.3892e+06
2.3898e+06
2.3904e+06
2.391e+06
2.3916e+06
2.3922e+06
2.3928e+06
2.3934e+06
2.394e+06
2.3946e+06
2.3952e+06
2.3958e+06
2.3964e+06
2.397e+06
2.3976e+06
2.3982e+06
2.3988e+06
2.3994e+06
2.4e+06
2.4006e+06
2.4012e+06
2.4018e+06
2.4024e+06
2.403e+06
2.4036e+06
2.4042e+06
2.4048e+06
2.4054e+06
2.406e+06
2.4066e+06
2.4072e+06
2.4078e+06
2.4084e+06
2.409e+06
2.4096e+06
2.4102e+06
2.4108e+06
2.4114e+06
2.412e+06
2.4126e+06
2.4132e+06
2.4138e+06
2.4144e+06
2.415e+06
2.4156e+06
2.4162e+06
2.4168e+06
2.4174e+06
2.418e+06
2.4186e+06
2.4192e+06
2.4198e+06
2.4204e+06
2.421e+06
2.4216e+06
2.4222e+06
2.4228e+06
2.4234e+06
2.424e+06
2.4246e+06
2.4252e+06
2.4258e+06
2.4264e+06
2.427e+06
2.4276e+06
2.4282e+06
2.4288e+06
2.4294e+06
2.43e+06
2.4306e+06
2.4312e+06
2.4318e+06
2.4324e+06
2.433e+06
2.4336e+06
2.4342e+06
2.4348e+06
2.4354e+06
2.436e+06
2.4366e+06
2.4372e+06
2.4378e+06
2.4384e+06
2.439e+06
2.4396e+06
2.4402e+06
2.4408e+06
2.4414e+06
2.442e+06
2.4426e+06
2.4432e+06
2.4438e+06
2.4444e+06
2.445e+06
2.4456e+06
2.4462e+06
2.4468e+06
2.4474e+06
2.448e+06
2.4486e+06
2.4492e+06
2.4498e+06
2.4504e+06
2.451e+06
2.4516e+06
2.4522e+06
2.4528e+06
2.4534e+06
2.454e+06
2.4546e+06
2.4552e+06
2.4558e+06
2.4564e+06
2.457e+06
2.4576e+06
2.4582e+06
2.4588e+06
2.4594e+06
2.46e+06
2.4606e+06
2.4612e+06
2.4618e+06
2.4624e+06
2.463e+06
2.4636e+06
2.4642e+06
2.4648e+06
2.4654e+06
2.466e+06
2.4666e+06
2.4672e+06
2.4678e+06
2.4684e+06
2.469e+06
2.4696e+06
2.4702e+06
2.4708e+06
2.4714e+06
2.472e+06
2.4726e+06
2.4732e+06
2.4738e+06
2.4744e+06
2.475e+06
2.4756e+06
2.4762e+06
2.4768e+06
2.4774e+06
2.478e+06
2.4786e+06
2.4792e+06
2.4798e+06
2.4804e+06
2.481e+06
2.4816e+06
2.4822e+06
2.4828e+06
2.4834e+06
2.484e+06
2.4846e+06
2.4852e+06
2.4858e+06
2.4864e+06
2.487e+06
2.4876e+06
2.4882e+06
2.4888e+06
2.4894e+06
2.49e+06
2.4906e+06
2.4912e+06
2.4918e+06
2.4924e+06
2.493e+06
2.4936e+06
2.4942e+06
2.4948e+06
2.4954e+06
2.496e+06
2.4966e+06
2.4972e+06
2.4978e+06
2.4984e+06
2.499e+06
2.4996e+06
2.5002e+06
2.5008e+06
2.5014e+06
2.502e+06
2.5026e+06
2.5032e+06
2.5038e+06
2.5044e+06
2.505e+06
2.5056e+06
2.5062e+06
2.5068e+06
2.5074e+06
2.508e+06
2.5086e+06
2.5092e+06
2.5098e+06
2.5104e+06
2.511e+06
2.5116e+06
2.5122e+06
2.5128e+06
2.5134e+06
2.514e+06
2.5146e+06
2.5152e+06
2.5158e+06
2.5164e+06
2.517e+06
2.5176e+06
2.5182e+06
2.5188e+06
2.5194e+06
2.52e+06
2.5206e+06
2.5212e+06
2.5218e+06
2.5224e+06
2.523e+06
2.5236e+06
2.5242e+06
2.5248e+06
2.5254e+06
2.526e+06
2.5266e+06
2.5272e+06
2.5278e+06
2.5284e+06
2.529e+06
2.5296e+06
2.5302e+06
2.5308e+06
2.5314e+06
2.532e+06
2.5326e+06
2.5332e+06
2.5338e+06
2.5344e+06
2.535e+06
2.5356e+06
2.5362e+06
2.5368e+06
2.5374e+06
2.538e+06
2.5386e+06
2.5392e+06
2.5398e+06
2.5404e+06
2.541e+06
2.5416e+06
2.5422e+06
2.5428e+06
2.5434e+06
2.544e+06
2.5446e+06
2.5452e+06
2.5458e+06
2.5464e+06
2.547e+06
2.5476e+06
2.5482e+06
2.5488e+06
2.5494e+06
2.55e+06
2.5506e+06
2.5512e+06
2.5518e+06
2.5524e+06
2.553e+06
2.5536e+06
2.5542e+06
2.5548e+06
2.5554e+06
2.556e+06
2.5566e+06
2.5572e+06
2.5578e+06
2.5584e+06
2.559e+06
2.5596e+06
2.5602e+06
2.5608e+06
2.5614e+06
2.562e+06
2.5626e+06
2.5632e+06
2.5638e+06
2.5644e+06
2.565e+06
2.5656e+06
2.5662e+06
2.5668e+06
2.5674e+06
2.568e+06
2.5686e+06
2.5692e+06
2.5698e+06
2.5704e+06
2.571e+06
2.5716e+06
2.5722e+06
2.5728e+06
2.5734e+06
2.574e+06
2.5746e+06
2.5752e+06
2.5758e+06
2.5764e+06
2.577e+06
2.5776e+06
2.5782e+06
2.5788e+06
2.5794e+06
2.58e+06
2.5806e+06
2.5812e+06
2.5818e+06
2.5824e+06
2.583e+06
2.5836e+06
2.5842e+06
2.5848e+06
2.5854e+06
2.586e+06
2.5866e+06
2.5872e+06
2.5878e+06
2.5884e+06
2.589e+06
2.5896e+06
2.5902e+06
2.5908e+06
2.5914e+06
