5.2475
5.2955
5.3274
5.3474
5.3686
5.3836
5.3946
5.4033
5.4132
5.4238
5.4368
5.451
5.4382
5.4266
5.3994
5.3734
5.3393
5.3
5.2618
5.2249
5.1891
5.1544
5.1266
5.1094
5.0932
5.078
5.0639
5.0349
5.0038
4.9832
4.9703
4.9582
4.9505
4.946
4.9442
4.9448
4.9477
4.9515
4.9584
4.9662
4.9789
4.9983
5.0268
5.068
5.1101
5.1531
5.1969
5.255
5.293
5.332
5.3718
5.4124
5.4318
5.4362
5.4019
5.3702
5.3392
5.2384
5.1383
5.0388
4.9399
4.8415
4.6865
4.5321
4.378
4.2654
4.1531
4.0446
3.9363
3.8283
3.7204
3.4127
3.1052
2.8567
2.7342
2.7102
2.7632
2.8558
2.9482
2.8277
2.707
2.5863
2.4897
2.4923
2.4948
2.4971
2.5815
2.7001
2.7943
2.8884
2.9824
3.0764
3.1703
3.2643
3.3584
3.3876
3.4168
3.4461
3.4755
3.4658
3.4261
3.3865
3.347
3.3075
3.2681
3.2286
3.293
3.3574
3.2877
3.331
3.3743
3.4176
3.461
3.5307
3.7082
3.8858
4.0636
4.3336
4.5199
4.7065
4.8934
4.9884
5.0369
5.0466
5.0201
4.9939
4.968
4.8997
4.8317
4.7637
4.6629
4.5527
4.4551
4.394
4.3328
4.2714
4.2098
4.2331
4.2562
4.3286
4.4007
4.4994
4.5978
4.6962
4.7971
4.8929
4.9886
5.0626
5.1366
5.2105
5.2845
5.3325
5.3439
5.3553
5.3453
5.3194
5.2936
5.2587
5.2169
5.1752
5.1293
5.0799
5.0275
4.9718
4.9163
4.8568
4.7921
4.7277
4.6633
4.5992
4.5351
4.4711
4.4071
4.3432
4.2793
4.196
4.1126
4.0292
3.914
3.7987
3.6349
3.4082
3.181
2.9535
2.7253
2.6042
2.5673
2.5297
2.4913
2.4788
2.4559
2.4195
2.3668
2.3133
2.2673
2.234
2.2169
2.2112
2.2131
2.2015
2.2155
2.2177
2.2189
2.2193
2.2187
2.2172
2.2148
2.1973
2.1819
2.1735
2.1841
2.209
2.2329
2.2556
2.3321
2.4392
2.5453
2.7437
2.9574
3.2381
3.4652
3.7306
3.9951
4.2588
4.3906
4.444
4.4967
4.5486
4.5521
4.4884
4.4259
4.3237
4.2208
4.1169
4.0122
3.9065
3.7997
3.6919
3.6596
3.6263
3.5917
3.5559
3.6011
3.4888
3.3753
3.2604
3.1441
3.0662
3.0282
2.9888
2.9479
2.9054
2.8954
2.8839
2.906
2.9264
2.9381
2.9482
2.9261
2.874
2.8049
2.7413
2.7122
2.6815
2.6801
2.677
2.6722
2.6772
2.7041
2.7776
2.8493
2.9192
2.9872
3.0535
3.118
3.2054
3.2911
3.3753
3.755
4.1333
4.3086
4.3278
4.3456
4.2589
4.0418
3.8235
3.6037
3.3826
3.16
2.9903
2.8191
2.7133
2.606
2.5363
2.465
2.4123
2.3579
2.3073
2.2551
2.2012
2.125
2.0471
1.9675
1.8862
1.8841
1.9085
1.9311
1.9521
1.9714
1.989
2.0049
1.994
2.0189
2.042
2.0634
2.0829
2.0897
2.0947
2.0979
2.0992
2.0638
2.0799
2.1205
2.1616
2.1834
2.2083
2.2292
2.2286
2.2265
2.2228
2.2176
2.2188
2.2266
2.2293
2.2305
2.267
2.3022
2.3373
2.3907
2.4667
2.5416
2.6152
2.6885
2.7606
2.8358
2.9551
3.0735
3.1909
3.3074
3.1878
3.0672
2.9459
2.8237
2.8139
2.8941
3.1476
3.4004
3.7734
4.236
4.6983
5.02
5.2253
5.3546
5.4191
5.4199
5.4208
5.3809
5.3412
5.2152
5.2153
5.2026
5.1902
5.1779
5.2092
5.1678
5.0993
4.9872
4.8753
4.7636
4.6522
4.4911
4.3302
4.1366
3.9432
3.7501
3.7582
4.0453
4.1602
4.2755
4.3912
4.5073
4.624
4.7412
4.7225
4.7043
4.6597
4.6158
4.5724
4.5619
4.6009
4.7412
4.8823
5.024
5.0047
4.9861
4.9683
5.03
5.0758
5.1223
5.1054
5.0891
5.0734
5.0583
5.0438
5.027
5.0108
4.995
4.9797
4.9649
4.9291
4.8936
4.8586
4.8239
4.7896
4.7097
4.63
4.5488
4.4677
4.3869
4.5477
4.6526
4.7578
4.8631
4.9687
5.0455
5.095
5.1133
5.0948
5.0524
5.0102
4.9681
4.917
4.8266
4.7363
4.5854
4.4346
4.4217
4.4088
4.3959
4.3829
4.1896
3.9216
3.6142
3.4795
3.3442
3.2083
3.0911
2.9733
2.8547
2.7354
2.6153
2.4944
2.4269
2.396
2.3642
2.3453
2.3289
2.305
2.2628
2.2196
2.1756
2.1543
2.1321
2.1291
2.1379
2.1371
2.1348
2.1318
2.128
2.1293
2.1267
2.1252
2.1229
2.1089
2.0941
2.0784
2.0871
2.1128
2.1377
2.1551
2.1618
2.1812
2.2
2.2469
2.3235
2.4337
2.5432
2.6521
2.7604
2.8435
3.1009
3.3579
3.5335
3.5787
3.5781
3.6408
3.8266
4.0121
4.0787
4.1452
4.2115
4.2778
4.344
4.5559
4.7678
4.8838
5
5.1164
5.1831
5.25
5.1988
5.1355
5.013
4.8755
4.9306
4.978
5.0257
5.0628
5.1162
5.17
5.2007
5.2318
5.2201
5.1831
5.177
5.1716
5.1668
5.1628
5.173
5.1841
5.1751
5.1542
5.1413
5.1295
5.1063
5.0901
5.084
5.079
5.0825
5.1239
5.1421
5.1616
5.1772
5.1941
5.2152
5.212
5.2165
5.2223
5.2295
5.2381
5.2278
5.2189
5.1926
5.1865
5.1818
5.1784
5.1764
5.1712
5.1751
5.176
5.1753
5.1531
5.1323
5.1129
5.0948
5.078
5.0626
5.0417
5.0197
5.0086
4.9988
5.0052
5.0224
5.0366
5.0411
5.0406
5.0415
5.0439
5.0478
5.0646
5.0655
5.0594
5.0652
5.0725
5.0811
5.0911
5.0959
5.1131
5.1259
5.1399
5.1551
5.1714
5.1875
5.2047
5.2072
5.2107
5.2154
5.24
5.2658
5.3065
5.3484
5.4057
5.4641
5.5447
5.619
5.6578
5.6273
5.5981
5.5584
5.52
5.4622
5.4056
5.3504
5.263
5.1512
4.9266
4.5324
4.1392
3.7902
3.438
3.0864
2.9679
2.8498
2.8387
2.8279
2.8443
2.8955
2.947
2.9987
3.0508
3.103
3.1556
3.2084
3.2615
3.3149
3.3686
3.4225
3.4838
3.542
3.602
3.7335
3.9861
4.239
4.3893
4.5401
4.6479
4.738
4.7998
4.8199
4.8406
4.8436
4.8471
4.8936
4.9391
4.9853
5.032
5.0793
5.1272
5.1758
5.225
5.2748
5.2257
5.1773
5.123
4.9758
4.8291
4.6829
4.4363
4.1902
3.9444
3.6989
3.4536
3.5322
3.6111
3.6901
3.7694
4.0906
4.4723
4.7409
4.89
4.9616
4.9797
5.0612
5.1433
5.175
5.2071
5.2612
5.2544
5.1516
5.0495
4.8617
4.6744
4.4875
4.2525
4.0177
3.7833
3.549
3.315
3.081
2.847
2.7002
2.5534
2.5025
2.5504
2.5984
2.6961
2.7939
2.8919
3.0824
3.2733
3.4645
3.8222
4.1805
4.3968
4.4927
4.5895
4.6875
4.7383
4.7903
4.8384
4.8803
4.9232
4.9611
5.0042
5.0159
5.0286
5.0424
5.048
5.0424
5.0379
5.0345
5.0322
5.0311
5.031
5.0115
4.9759
4.9413
4.9077
4.8293
4.7517
4.6751
4.5992
4.5242
4.5651
4.6591
4.7505
4.8426
4.8669
4.892
4.9179
4.9446
4.9721
4.9984
5.0163
5.0473
5.0791
5.1116
5.1025
5.0941
5.0865
5.0955
5.0949
5.0952
5.1009
5.1074
5.1249
5.1354
5.1322
5.1201
5.0901
5.063
5.0508
5.039
5.0524
5.0662
5.0926
5.1194
5.168
5.2169
5.2577
5.2989
5.316
5.2879
5.2601
5.2326
5.1941
5.1559
5.1192
5.0623
5.0056
4.9493
4.783
4.653
4.4309
4.4909
4.5511
4.5589
4.5669
4.4496
4.1862
3.9603
3.7343
3.5082
3.2819
3.0914
2.9005
2.7091
2.6147
2.5741
2.5756
2.5765
2.6414
2.781
3.0135
3.3233
3.387
3.2338
3.0313
2.8283
2.6247
2.5233
2.4659
2.4078
2.349
2.311
2.314
2.3233
2.3318
2.3229
2.3134
2.3233
2.3325
2.3423
2.3369
2.322
2.3289
2.3352
2.3456
2.3554
2.3695
2.3829
2.3956
2.4078
2.4314
2.4697
2.5277
2.6004
2.6845
2.7681
2.8513
2.9405
3.0293
3.1179
3.2092
3.3026
3.3974
3.4923
3.588
3.6842
3.7805
3.8771
3.9738
4.0707
4.1675
4.264
4.3602
4.4566
4.5534
4.6494
4.7445
4.8384
4.9329
5.0253
5.115
5.201
5.2818
5.3634
5.4458
5.5168
5.5729
5.6088
5.6294
5.651
5.6635
5.669
5.6756
5.6773
5.6748
5.6733
5.6729
5.6686
5.6653
5.663
5.6618
5.6572
5.6493
5.6425
5.6367
5.6268
5.6119
5.5908
5.5614
5.5202
5.49
5.4609
5.4329
5.4431
5.4543
5.4666
5.4799
5.4943
5.5098
5.5264
5.5726
5.6199
5.6683
5.6979
5.7189
5.7411
5.7333
5.6968
5.6703
5.6331
5.5971
5.584
5.5892
5.585
5.6021
5.6203
5.6284
5.6376
5.6479
5.6594
5.655
5.6506
5.6244
5.5707
5.4907
5.4118
5.334
5.2572
5.0743
4.7373
4.4013
3.8949
3.3893
3.0806
2.9348
2.9422
3.0098
3.0781
3.084
3.1777
3.3566
3.5362
3.7165
3.794
3.8722
3.8171
3.5334
3.2504
2.9678
2.8049
2.6423
2.5472
2.4888
2.4569
2.4265
2.3963
2.3869
2.3923
2.3924
2.3928
2.3943
2.4502
2.5062
2.668
2.8299
2.9946
3.1109
3.2276
3.3445
3.4617
3.5792
3.6971
3.9674
4.1768
4.3866
4.5155
4.645
4.7174
4.7904
4.864
4.8945
4.9255
4.9117
4.8984
4.8856
4.8733
4.93
5.0338
5.1688
5.3043
5.4402
5.5719
5.6872
5.7717
5.8567
5.9037
5.9511
5.9733
5.9959
6.0188
6.042
6.0654
6.0796
6.0854
6.0913
6.0974
6.1036
6.1099
6.1164
6.1129
6.0981
6.0834
6.0514
6.0195
5.9599
5.8638
5.7176
5.5013
5.285
5.0386
4.7921
4.5478
4.3032
4.0936
3.8837
3.6734
3.4627
3.3705
3.2532
3.1353
3.0168
2.895
2.7743
2.6594
2.5556
2.4904
2.4467
2.4117
2.382
2.3547
2.3262
2.2951
2.2583
2.2203
2.1676
2.1137
2.0586
2.0265
1.9965
2.001
2.0042
2.006
2.0066
2.0057
2.0017
1.9827
1.9661
1.9479
1.928
1.909
1.848
1.8193
1.8037
1.7786
1.756
1.7519
1.776
1.7224
1.6667
1.6391
1.6343
1.6637
1.691
1.7333
1.7392
1.7428
1.7443
1.7434
1.7518
1.7984
1.8427
1.9127
1.9803
2.0455
2.1083
2.1842
2.2577
2.3288
2.5116
2.692
2.87
3.0327
3.193
3.3511
3.5069
3.6604
3.7458
3.7061
3.5594
3.4104
3.2592
3.1055
2.9495
2.791
2.63
2.4665
2.3005
2.1736
2.0735
2.0106
1.945
1.8904
1.8862
1.9391
1.9919
2.0421
2.0921
2.1395
2.1899
2.2478
2.3031
2.2547
2.1655
2.0737
2.0053
1.9925
1.9991
2.0573
2.1129
2.1659
2.2415
2.3145
2.3629
2.3711
2.3768
2.3236
2.264
2.2019
2.1719
2.1426
2.0813
2.0618
2.1032
2.1648
2.2087
2.2501
2.3021
2.3517
2.3756
2.3972
2.4165
2.4335
2.4483
2.4362
2.4218
2.4052
2.4098
2.4121
2.4393
2.5382
2.6239
2.6772
2.6747
2.6188
2.5495
2.4619
2.4212
2.3783
2.3613
2.3422
2.3057
2.2672
2.2476
2.2259
2.2217
2.2152
2.2124
2.2074
2.2116
2.2134
2.2131
2.2105
2.1763
2.1313
2.0841
2.0345
1.9826
1.9575
1.93
1.9312
1.9259
1.9408
1.9534
1.9638
1.9168
1.8888
1.8585
1.8338
1.8069
1.8117
1.8385
1.881
1.8878
1.8698
1.8687
1.8652
1.8892
1.9108
1.93
2.0193
2.1063
2.2491
2.3125
2.4487
2.6974
3.0123
3.4115
3.7133
3.8267
3.9384
4.0483
4.1565
4.2631
4.338
4.4113
4.483
4.5063
4.528
4.5059
4.4276
4.3246
4.1405
3.8967
3.7657
3.6331
3.4989
3.3453
3.19
3.0331
2.8322
2.6297
2.4255
2.2989
2.2814
2.3068
2.3306
2.3528
2.3843
2.4334
2.4371
2.4394
2.454
2.4163
2.415
2.4026
2.3888
2.3738
2.3575
2.3399
2.3442
2.3474
2.3493
2.3594
2.3683
2.376
2.4095
2.4418
2.4583
2.4737
2.5073
2.5399
2.5715
2.5202
2.4679
2.4181
2.3506
2.2821
2.2983
2.3058
2.2972
2.2898
2.2814
2.2721
2.3006
2.3655
2.4507
2.5352
2.6188
2.7015
2.7835
2.9112
3.1136
3.442
3.8317
4.221
4.5583
4.7799
4.9146
5.0491
5.1314
5.2137
5.265
5.3162
5.3495
5.3828
5.4064
5.4233
5.4354
5.444
5.45
5.454
5.458
5.4619
5.4646
5.4673
5.4698
5.472
5.4736
5.4746
5.4752
5.4756
5.4756
5.4753
5.4747
5.4904
5.4679
5.4452
5.4231
5.3672
5.3111
5.2011
5.0438
4.8863
4.7286
4.5704
4.3771
4.0799
3.7823
3.4843
3.359
3.2331
2.8549
2.7332
2.6644
2.5948
2.5246
2.4983
2.4713
2.4629
2.4387
2.4139
2.3884
2.4081
2.4282
2.4439
2.4328
2.4211
2.4088
2.3959
2.4639
2.5313
2.5982
2.6645
2.7969
2.9537
3.11
2.9944
2.8784
2.7619
2.645
2.6664
2.7792
2.8915
3.0237
3.0885
3.153
3.2172
3.261
3.3046
3.3479
3.3909
3.4337
3.4763
3.5092
3.5418
3.5742
3.5941
3.6137
3.6341
3.6828
3.6557
3.4902
3.3245
3.1646
3.0043
2.8435
2.7593
2.7229
2.7308
2.7986
2.8612
2.9396
3.0016
3.0718
3.1418
3.2706
3.471
3.7648
4.0588
4.3528
4.5466
4.7408
4.853
4.9656
5.0788
5.1547
5.2034
5.2315
5.2603
5.2897
5.3199
5.3453
5.3696
5.3929
5.415
5.4355
5.454
5.4698
5.4816
5.4944
5.5002
5.5071
5.5023
5.4986
5.496
5.4907
5.4808
5.4636
5.4356
5.4016
5.3689
5.3374
5.2965
5.2566
5.21
5.1647
5.1415
5.1219
5.0985
5.0765
5.0361
4.9972
4.9956
4.9955
4.9969
4.9999
4.9961
5.0222
5.1191
5.2174
5.3173
5.3651
5.4145
5.4654
5.5077
5.5479
5.5476
5.5489
5.5518
5.5563
5.5623
5.57
5.5784
5.5884
5.6
5.6218
5.6297
5.6309
5.6314
5.6514
5.673
5.6963
5.7213
5.748
5.7764
5.8066
5.8264
5.8097
5.7949
5.7778
5.7317
5.6731
5.6164
5.57
5.4699
5.3716
5.1999
5.0299
4.8616
4.6948
4.5296
4.3658
4.2546
4.1541
4.0548
3.9313
3.9389
3.923
3.9083
3.8947
3.8822
3.9705
4.0577
4.1461
4.2182
4.2914
4.366
4.4417
4.4757
4.511
4.5514
4.6107
4.7148
4.8617
5.0099
5.1595
5.3106
5.463
5.5119
5.5622
5.6141
5.6151
5.6177
5.5848
5.5197
5.4561
5.3585
5.2643
5.1715
5.0531
4.8764
4.619
4.363
4.1083
3.8407
3.7454
3.7756
3.895
4.079
4.3113
4.5821
4.8544
5.1281
5.2581
5.3327
5.3715
5.4119
5.4532
5.4962
5.4856
5.4766
5.4694
5.4638
5.46
5.4579
5.4053
5.352
5.3421
5.3196
5.2987
5.2795
5.2618
5.2458
5.2549
5.2829
5.3125
5.3378
5.3442
5.3147
5.2867
5.2917
5.2982
5.3063
5.3158
5.2942
5.2741
5.2555
5.2452
5.2364
5.2292
5.2309
5.2342
5.2391
5.2457
5.254
5.2646
5.277
5.2912
5.3071
5.325
5.3421
5.3611
5.347
5.3348
5.338
5.3612
5.386
5.4126
5.4024
5.3773
5.3605
5.3522
5.3456
5.3405
5.337
5.33
5.3565
5.3891
5.4216
5.4764
5.5378
5.5855
5.5867
5.5798
5.5744
5.5705
5.5486
5.5282
5.5128
5.5127
5.5155
5.5329
5.5518
5.5864
5.6225
5.6246
5.5896
5.5563
5.4619
5.3691
5.1948
5.022
4.838
4.5714
4.4095
4.2573
4.1064
4.267
4.4289
4.5131
4.5241
4.3186
3.985
3.9043
3.8248
3.8604
3.8971
3.956
4.0159
4.0771
4.1394
4.1919
4.2795
4.3684
4.4584
4.5497
4.6421
4.7358
4.7615
4.7884
4.8179
4.8415
4.8792
4.9182
4.9585
5.0001
5.0429
5.0871
5.1326
5.1365
5.1035
5.0368
4.9716
4.8836
4.7969
4.7116
4.5646
4.4189
4.2747
4.1318
4.0739
4.0173
4.0306
4.1155
4.283
4.5549
4.8283
5.1033
5.2619
5.4221
5.5065
5.5257
5.5386
5.5531
5.5693
5.5812
5.5948
5.6101
5.623
5.6338
5.6465
5.6578
5.6709
5.6857
5.7008
5.7176
5.7361
5.7563
5.7781
5.7972
5.8118
5.8194
5.817
5.7999
5.7844
5.7415
5.7001
5.6603
5.6218
5.5178
5.4361
5.3558
5.2769
5.2178
5.1601
5.1248
5.1011
5.0796
5.0595
5.0408
5.0602
5.0595
5.046
5.0338
5.0229
5.0133
5.0051
5.014
5.0243
5.0359
5.0488
5.0631
5.2036
5.3454
5.4886
5.5933
5.6463
5.6533
5.7334
5.7856
5.8136
5.8198
5.8272
5.8382
5.8505
5.8525
5.8557
5.843
5.8316
5.8214
5.7739
5.6933
5.5621
5.432
5.3031
5.1752
4.9659
4.6418
4.3188
3.9965
3.6064
3.217
3.092
2.9676
2.9489
2.9309
2.9134
2.9768
3.0407
3.1051
3.2371
3.3696
3.5025
3.6359
3.7698
3.8297
3.7702
3.6281
3.4997
3.3717
3.244
3.1167
3.015
2.9692
2.9939
3.0187
3.0957
3.173
3.2506
3.2728
3.2954
3.3183
3.3415
3.4014
3.4877
3.6461
3.8908
4.1361
4.3819
4.6282
4.8595
4.9672
5.0757
5.0769
5.0791
5.0956
5.081
5.0295
4.979
4.9415
4.9261
4.9358
4.9507
4.9863
5.0259
5.0461
5.0546
5.0357
5.0182
5.0018
4.9868
4.973
4.9922
5.0028
5.0308
5.0194
4.9933
5.0167
5.041
5.0665
5.093
5.1206
5.1379
5.1265
5.1162
5.1002
5.0788
5.0752
5.0726
5.0732
5.0854
5.1009
5.1173
5.1346
5.1497
5.1834
5.1859
5.1894
5.199
5.1863
5.1747
5.1642
5.1563
5.1497
5.1551
5.159
5.1648
5.1719
5.1804
5.1912
5.2033
5.2177
5.2336
5.251
5.2727
5.2959
5.3183
5.3372
5.3668
5.3978
5.4258
5.4552
5.4726
5.5304
5.5896
5.6071
5.5819
5.5582
5.5117
5.4662
5.4454
5.426
5.408
5.3914
5.3762
5.3623
5.3499
5.3387
5.3289
5.4359
5.5442
5.5876
5.569
5.5248
5.4261
5.3285
5.1804
5.0581
4.9367
4.6498
4.3636
4.0781
3.8325
3.6295
3.4269
3.2247
3.0229
2.8212
2.6197
2.5004
2.3811
2.382
2.3829
2.4207
2.574
2.8545
3.2977
3.4986
3.6997
3.7201
3.8227
3.8277
3.648
3.5952
3.673
3.8838
4.1144
4.1161
4.2826
4.4492
4.6158
4.7825
4.9216
5.0609
5.1313
5.1276
5.1048
5.082
5.0513
5.0204
4.9893
4.9384
4.8786
4.8185
4.7581
4.6647
4.5926
4.5202
4.4472
4.3252
4.1836
4.0192
3.7882
3.5566
3.2709
2.9843
2.9225
2.9805
3.0714
3.1612
3.2499
3.2123
3.1737
3.1338
3.1716
3.2366
3.2822
3.3265
3.0783
2.8288
2.5778
2.4695
2.4278
2.3849
2.3465
2.3064
2.2836
2.2591
2.2437
2.2266
2.1919
2.1489
2.1008
2.0508
1.9988
1.9449
1.9508
2.0344
2.116
2.1689
2.1721
2.1735
2.171
2.1785
2.1818
2.1832
2.1863
2.176
2.1639
2.15
2.1512
2.1413
2.1347
2.1262
2.1259
2.1239
2.1425
2.1592
2.1777
2.2059
2.2321
2.2564
2.2787
2.2989
2.3172
2.3334
2.3475
2.3597
2.3697
2.3777
2.3836
2.3875
2.3893
2.3777
2.3915
2.4032
2.4128
2.4854
2.597
2.7066
2.8125
2.9164
3.0027
3.0871
3.1695
3.1332
3.0949
3.0179
2.9389
2.8581
2.8063
2.7527
2.6971
2.6397
2.5804
2.5192
2.5597
2.6332
2.6501
2.6653
2.6787
2.6904
2.6883
2.6843
2.648
2.6619
2.718
2.7724
2.825
2.8611
2.8955
2.9364
2.9946
3.0512
3.0498
3.0468
3.0422
3.0359
3.0483
3.1207
3.2006
3.2791
3.356
3.4114
3.4654
3.5091
3.3798
3.2488
3.1641
3.0777
2.9368
2.8235
2.8088
2.7922
2.7739
2.793
2.8337
2.8795
2.9235
2.9658
3.0908
3.2142
3.3361
3.4564
3.5752
3.5183
3.3814
3.2503
3.2487
3.2505
3.2509
3.2307
3.2819
3.3278
3.3723
3.4591
3.5446
3.6594
3.7729
3.6991
3.6241
3.3115
2.9976
2.8126
2.7411
2.7119
2.692
2.6655
2.6187
2.5704
2.5205
2.469
2.4618
2.453
2.4426
2.4306
2.4271
2.3575
2.3028
2.2465
2.1886
2.136
2.1157
2.146
2.1748
2.2019
2.2132
2.2434
2.272
2.2883
2.2914
2.2929
2.2928
2.3028
2.3113
2.3182
2.3235
2.3519
2.3787
2.404
2.4277
2.4923
2.5698
2.7068
2.8466
2.9324
2.9008
2.8677
2.8331
2.797
2.7594
2.7203
2.6795
2.7308
2.8726
3.0128
3.1514
3.3562
3.6173
3.8769
3.8824
4.2027
4.5218
4.6489
4.775
4.7145
4.653
4.5904
4.5266
4.4617
4.3956
4.2447
4.0034
3.7607
3.5616
3.6245
3.686
3.7883
3.7909
3.5736
3.3548
3.1345
2.9127
2.7688
2.7241
2.6777
2.6297
2.5798
2.5282
2.5479
2.5934
2.637
2.6789
2.7188
2.757
2.7934
2.8923
2.9895
3.085
3.1789
3.2036
3.2266
2.9857
2.7431
2.581
2.4171
2.3276
2.2363
2.1717
2.1052
2.1009
2.0946
2.1049
2.1459
2.1942
2.2386
2.2811
2.3217
2.3604
2.4364
2.5156
2.6171
2.7167
2.7409
2.56
2.4325
2.3488
2.2807
2.2105
2.151
2.1186
2.105
2.1228
2.1385
2.1521
2.1635
2.1862
2.2067
2.2311
2.2574
2.2883
2.3319
2.3733
2.4827
2.6282
2.7078
2.7371
2.7642
2.7587
2.7253
2.6894
2.627
2.5621
2.4931
2.445
2.437
2.4343
2.429
2.421
2.4104
2.3934
2.3834
2.371
2.3559
2.3038
2.2492
2.1921
2.1196
2.0615
2.0212
1.9783
1.933
1.921
1.9514
1.9899
2.0271
2.0536
2.0778
2.0995
2.1239
2.1459
2.1856
2.2528
2.3175
2.362
2.404
2.407
2.3642
2.3189
2.2713
2.2213
2.1631
2.1025
2.0441
2.0102
1.9881
2.0066
2.0228
2.0368
2.0426
2.0463
2.0478
2.0526
2.0477
2.0408
2.0318
1.9963
1.9616
1.9249
1.8861
1.884
1.8799
1.9077
1.9335
1.9632
1.9909
2.0167
2.0471
2.0692
2.1029
2.135
2.1653
2.194
2.2211
2.2467
2.2704
2.2926
2.3667
2.4395
2.5219
2.6029
2.6828
2.7613
2.9286
3.0947
3.354
3.6522
3.8061
3.9592
4.1114
4.3251
4.4569
4.5881
4.6478
4.7071
4.7659
4.8243
4.8314
4.7345
4.5099
4.2849
3.9781
3.6709
3.6833
3.6954
3.8924
4.0892
4.0024
3.9156
3.7239
3.5321
3.3402
3.2123
3.0842
3.1561
3.2279
3.2997
3.5159
3.8121
4.1084
4.3769
4.5599
4.7433
4.9273
5.1117
5.1889
5.2496
5.3
5.3417
5.3841
5.4187
5.445
5.4612
5.4646
5.4505
5.4374
5.3932
5.3501
5.3048
5.272
5.2461
5.2215
5.1982
5.1761
5.1391
5.1342
5.1306
5.1284
5.1212
5.1154
5.1363
5.1587
5.1825
5.1933
5.2047
5.2178
5.2247
5.2332
5.2313
5.2311
5.2215
5.2044
5.1889
5.1752
5.1631
5.1479
5.1344
5.1137
5.0947
5.0774
5.0619
5.048
5.0336
5.0208
5.0098
5.0237
5.0554
5.1005
5.1473
5.1957
5.246
5.2993
5.3539
5.4082
5.4643
5.5169
5.5713
5.6187
5.6679
5.7053
5.7446
5.746
5.7092
5.6894
5.6716
5.6558
5.642
5.6348
5.5768
5.5829
5.5784
5.5757
5.575
5.5647
5.5565
5.5774
5.5927
5.6101
5.6296
5.6818
5.7136
5.7476
5.7507
5.7559
5.7631
5.7723
5.7835
5.7967
5.8119
5.8291
5.8483
5.8399
5.8238
5.8096
5.7974
5.7496
5.6836
5.6012
5.4995
5.4055
5.3134
5.1765
5.0414
4.9999
4.9603
4.9224
4.9558
4.9909
5.0279
5.0393
4.9364
4.9433
4.952
4.9624
4.9746
4.8923
4.8117
4.764
4.7945
4.8268
4.8601
4.895
4.9317
5.0124
5.0947
5.1788
5.2647
5.2639
5.2649
5.2677
5.2991
5.3323
5.3673
5.3979
5.3858
5.3756
5.3589
5.3621
5.3598
5.3592
5.3906
5.3928
5.3866
5.3931
5.4015
5.4043
5.3926
5.3827
5.3746
5.3683
5.3473
5.334
5.3225
5.3018
5.2907
5.2995
5.3101
5.2915
5.2747
5.2566
5.2399
5.2288
5.2194
5.2118
5.2092
5.2083
5.2091
5.2067
5.2031
5.1961
5.1845
5.1746
5.1534
5.1339
5.1292
5.1262
5.1249
5.1198
5.0978
5.0874
5.0788
5.0718
5.0665
5.064
5.0632
5.0614
5.0612
5.0627
5.0659
5.0707
5.0749
5.0807
5.0925
5.1141
5.1503
5.1972
5.2237
5.252
5.2789
5.3075
5.3254
5.3288
5.3109
5.2948
5.2805
5.2679
5.2572
5.2483
5.2412
5.2359
5.2288
5.238
5.2491
5.2866
5.3479
5.4111
5.4636
5.5276
5.5606
5.5477
5.5366
5.5274
5.5335
5.5484
5.5652
5.5838
5.6043
5.6266
5.6508
5.6769
5.6657
5.6564
5.649
5.6435
5.6398
5.595
5.4903
5.3875
5.316
5.2464
5.1785
5.1124
5.0481
5.0414
5.074
5.1084
5.1445
5.1824
5.26
5.2499
5.2415
5.2349
5.2301
5.227
5.233
5.2407
5.2502
5.3108
5.3081
5.3425
5.3831
5.3311
5.2896
5.2498
5.2118
5.1806
5.1695
5.16
5.1524
5.1084
5.0663
5.0219
5.0252
5.0692
5.1084
5.1494
5.1784
5.2044
5.2323
5.2588
5.2872
5.3173
5.3262
5.3508
5.3444
5.3398
5.3574
5.3768
5.3666
5.371
5.3773
5.3853
5.3984
5.4133
5.4099
5.3928
5.3776
5.3555
5.3352
5.3166
5.2962
5.2775
5.2605
5.2454
5.232
5.2275
5.2248
5.1987
5.156
5.1474
5.1698
5.1776
5.1873
5.1988
5.2122
5.2275
5.236
5.2455
5.234
5.1989
5.1638
5.1303
5.1098
5.0909
5.0821
5.0867
5.0928
5.0879
5.064
5.0453
5.047
5.0629
5.0804
5.0995
5.1201
5.1474
5.1762
5.1867
5.1987
5.223
5.2518
5.282
5.3137
5.3469
5.3815
5.4176
5.4552
5.4578
5.4587
5.4609
5.4645
5.4523
5.4414
5.4318
5.4275
5.4276
5.4327
5.4391
5.4379
5.438
5.4277
5.4185
5.4104
5.4034
5.3974
5.3864
5.3702
5.3549
5.3404
5.3269
5.3142
5.3022
5.2911
5.2808
5.2652
5.2503
5.1932
5.1123
5.0321
4.9524
4.918
4.8842
4.8509
4.8182
4.6762
4.4617
4.2477
4.0339
4.0191
4.1808
4.3429
4.5053
4.5542
4.4489
4.2404
3.9125
3.554
3.25
2.9796
2.7263
2.5134
2.3655
2.2903
2.2822
2.274
2.3359
2.4607
2.5853
2.5729
2.5764
2.5798
2.5831
2.659
2.7774
2.897
2.9942
3.0981
3.2084
3.3621
3.4832
3.6044
3.5637
3.5232
3.4828
3.4426
3.3779
3.3132
3.2864
3.2594
3.2324
3.3425
3.4524
3.5621
3.6718
3.5627
3.4534
3.3439
3.2382
3.2359
3.3601
3.484
3.6078
3.7315
3.8551
3.9788
4.0389
4.099
4.1593
4.2196
4.28
4.3406
4.4014
4.4623
4.6811
4.9002
5.1196
5.2695
5.3679
5.4274
5.4552
5.4835
5.5122
5.5415
5.5711
5.6012
5.6423
5.6702
5.6985
5.7272
5.7366
5.7031
5.5972
5.5182
5.4724
5.4269
5.3963
5.3766
5.3571
5.3379
5.3205
5.3023
5.2805
5.2517
5.2116
5.1546
5.0727
4.9908
4.8618
4.6684
4.475
4.166
3.8568
3.5473
3.4859
3.4243
3.4848
3.5451
3.5616
3.5779
3.5919
3.7732
3.8894
3.6998
3.51
3.2167
2.9446
2.672
2.4916
2.4089
2.3785
2.3473
2.343
2.3825
2.4437
2.5042
2.5755
2.7083
2.8403
3.0638
3.3534
3.6423
3.813
3.9831
4.1529
4.2751
4.3005
4.3254
4.3499
4.3082
4.1819
4.0553
3.9282
3.8006
3.5859
3.3706
3.1547
2.9381
2.8873
2.9023
2.7273
2.6053
2.4826
2.3592
2.235
2.1486
2.0615
2.0028
1.9432
1.8827
1.8211
1.7851
1.7753
1.7644
1.7981
1.8336
1.9296
2.0244
2.0969
2.1638
2.2247
2.2848
2.3814
2.4038
2.4254
2.4463
2.4704
2.545
2.7007
2.9244
3.1476
3.3669
3.5858
3.8831
4.1802
4.3762
4.4902
4.604
4.7178
4.7872
4.8567
4.9262
4.9718
4.9995
5.0272
5.0441
5.0612
5.0718
5.0772
5.0828
5.0887
5.0913
5.0909
5.0873
5.0801
5.0681
5.0497
5.0505
5.0605
5.0723
5.0791
5.0861
5.0904
5.0923
5.0921
5.0922
5.0927
5.0935
5.0946
5.0935
5.0927
5.0893
5.0828
5.0765
5.0703
5.0863
5.0971
5.108
5.1189
5.12
5.0953
5.0706
5.046
5.0214
4.9968
4.9759
4.9399
4.8683
4.7516
4.635
4.5184
4.3116
4.1047
3.8422
3.5797
3.3702
3.2749
3.1794
3.2102
3.3197
3.522
3.9677
4.4134
4.6979
4.8548
4.8489
4.843
4.66
4.4769
4.4333
4.1792
3.7151
3.1763
2.9068
2.7615
2.6156
2.4691
2.427
2.3843
2.3385
2.2921
2.2449
2.2063
2.1663
2.1196
2.0776
2.0642
2.0498
2.086
2.1211
2.1984
2.314
2.4707
2.6264
2.8408
2.917
2.9045
2.8911
2.8663
2.8431
2.8191
2.7941
2.7684
2.8818
2.9371
3.0172
2.9899
2.9619
2.933
2.9034
2.873
2.923
2.9965
3.0694
3.1416
3.1977
3.2532
3.326
3.4662
3.6061
3.6691
3.6904
3.7115
3.7322
3.7528
3.8573
3.8318
3.8452
3.8584
3.8715
3.8844
3.8776
3.8455
3.8491
3.9024
4.0061
4.1098
4.2134
4.317
4.3445
4.372
4.2149
3.9385
3.7158
3.4931
3.3734
3.3266
3.2798
3.2876
3.3086
3.4479
3.8258
4.2038
4.582
4.9605
5.2201
5.3595
5.4993
5.5902
5.6414
5.6567
5.6725
5.6887
5.6701
5.6312
5.5929
5.5582
5.5241
5.4906
5.4419
5.3939
5.3463
5.2994
5.253
5.2216
5.2014
5.1897
5.1785
5.1677
5.1613
5.1584
5.1558
5.1535
5.1539
5.1571
5.1636
5.1702
5.1768
5.1833
5.1891
5.1948
5.2005
5.2061
5.2038
5.1908
5.1777
5.1645
5.128
5.0609
4.9936
4.9262
4.8585
4.6986
4.4399
4.063
3.6856
3.3077
2.9291
2.849
2.7682
2.8004
2.8317
2.7425
2.6523
2.3271
2.2051
2.1442
2.0821
2.019
1.9879
2.0258
2.0626
2.0983
2.1329
2.161
2.1839
2.2057
2.2139
2.2031
2.1913
2.1676
2.1176
2.0664
2.0141
1.9681
1.9209
1.8727
1.8526
1.8314
1.8397
1.8469
1.8651
1.8704
1.8747
1.8779
1.8909
1.9028
1.919
1.9621
2.004
2.0446
2.0839
2.0211
1.957
1.8917
1.8778
1.8759
1.8698
1.8625
1.8866
1.9404
1.993
2.0447
2.1326
2.2195
2.3056
2.3907
2.4751
2.6773
2.9672
3.2564
3.5593
3.8617
4.1638
4.5189
4.7674
4.9523
5.107
5.2616
5.3376
5.4137
5.4901
5.5681
5.6087
5.6034
5.5984
5.594
5.5812
5.5666
5.5526
5.5394
5.5262
5.5138
5.5034
5.4961
5.4898
5.488
5.4913
5.4957
5.5013
5.5141
5.5282
5.5525
5.5783
5.5859
5.5801
5.5758
5.5646
5.5489
5.5304
5.5107
5.4926
5.4761
5.4627
5.451
5.4469
5.4536
5.4355
5.4189
5.4039
5.3905
5.3786
5.365
5.3529
5.3359
5.3119
5.312
5.3105
5.3104
5.3188
5.3423
5.3672
5.4071
5.4573
5.509
5.5962
5.685
5.7755
5.8678
5.9228
5.953
5.9672
5.9831
5.9745
5.9495
5.9261
5.9045
5.872
5.8549
5.8395
5.8257
5.8136
5.8119
5.8118
5.8133
5.8164
5.821
5.8242
5.8044
5.7773
5.7518
5.7447
5.7445
5.7511
5.759
5.7681
5.7485
5.7301
5.7291
5.7433
5.733
5.687
5.6084
5.4856
5.3196
5.0525
4.7865
4.5213
4.257
4.051
3.8458
3.6413
3.4374
3.2341
3.0312
2.8288
2.7084
2.5884
2.4686
2.3489
2.2294
2.2228
2.2238
2.2247
2.2255
2.2207
2.2161
2.2185
2.2235
2.2314
2.255
2.2785
2.3273
2.4091
2.5317
2.6543
2.7769
2.9142
3.0515
3.1888
3.2827
3.3785
3.5351
3.7729
4.1232
4.469
4.7154
4.9091
5.0593
5.1697
5.217
5.2153
5.1723
5.13
5.0884
4.9806
4.8154
4.6507
4.4864
4.3225
4.1588
4.1031
4.1217
4.1905
4.2921
4.4133
4.5435
4.6731
4.7928
4.8917
4.9563
4.9951
5.0343
5.0739
5.1139
5.1487
5.1829
5.2208
5.2675
5.3146
5.3623
5.4166
5.4641
5.4907
5.4961
5.4015
5.3075
5.2139
5.0348
4.8561
4.6777
4.4995
4.5407
4.5821
4.418
4.2541
4.0904
3.728
3.6198
3.3439
3.068
2.9495
2.982
3.1717
3.5493
3.6156
3.682
3.7484
3.8606
3.9729
4.0853
4.3724
4.6598
4.7945
4.9296
5.0078
5.0459
5.2006
5.2363
5.1747
5.1136
4.9732
4.7521
4.5313
4.4727
4.4144
4.582
4.75
4.9184
4.9115
4.807
4.7029
4.5735
4.4443
4.3152
3.9876
3.4606
3.1675
2.9695
2.7711
2.6749
2.5956
2.5617
2.5271
2.4869
2.5925
2.7717
3.0191
3.2659
3.512
3.7575
3.8063
3.8547
3.9027
3.9502
3.9973
4.044
4.0901
3.8767
3.4489
3.2236
2.9974
3.1028
3.2073
3.1034
2.9986
2.8928
2.786
2.6978
2.6086
2.5563
2.5029
2.4745
2.4943
2.513
2.5307
2.5473
2.5628
2.5772
2.6731
2.8958
3.1176
3.1734
3.1456
3.1169
3.0873
3.0732
3.0643
3.1139
3.1627
3.2106
3.2534
3.3545
3.4849
3.654
3.8224
3.9902
4.1804
4.37
4.559
4.6412
4.5944
4.547
4.4989
4.4358
4.2843
4.1319
4.0056
3.8784
3.91
4.001
4.0601
3.9915
3.7402
3.4878
3.2343
3.1402
2.9773
2.8263
2.7692
2.7107
2.6507
2.6329
2.6135
2.5925
2.5933
2.575
2.5697
2.5595
2.5478
2.5345
2.5834
2.6309
2.6769
2.7215
2.7647
2.8065
2.847
2.9995
3.2409
3.5011
3.5484
3.4154
3.281
3.2191
3.2214
3.3486
3.4743
3.5985
3.7212
3.8423
3.962
4.0708
4.1782
4.1716
4.0467
3.9205
3.793
3.6643
3.5596
3.4536
3.3464
3.2377
3.1278
2.8628
2.5963
2.5175
2.4522
2.4027
2.3517
2.2991
2.2421
2.1996
2.1555
2.1819
2.2065
2.3052
2.4023
2.3062
2.2084
2.1449
2.1383
2.1299
2.0891
2.0465
2.0021
1.9557
1.9095
1.8763
1.8709
1.8636
1.8513
1.8439
1.8344
1.8228
1.809
1.8329
1.8547
1.9164
1.976
2.0321
2.0862
2.1383
2.1884
2.2365
2.2827
2.2695
2.2897
2.308
2.3244
2.4153
2.5044
2.58
2.6966
2.8115
3.0139
3.2147
3.2627
3.309
3.3538
3.4382
3.5488
3.6578
3.6103
3.5614
3.4856
3.4082
3.4166
3.4234
3.4284
3.4577
3.4853
3.5332
3.5794
3.6239
3.6666
3.7077
3.747
3.7846
3.8206
3.9128
4.0033
4.092
4.179
4.0249
3.869
3.6166
3.3544
3.09
2.8234
2.6855
2.5452
2.4854
2.4232
2.4008
2.376
2.3352
2.3106
2.2838
2.2683
2.2582
2.246
2.2318
2.2002
2.19
2.1777
2.1748
2.1698
2.1627
2.1389
2.1132
2.1
2.085
2.1056
2.1243
2.1281
2.1301
2.1302
2.1333
2.1345
2.1417
2.1425
2.1414
2.1386
2.134
2.1276
2.1195
2.1033
2.101
2.0969
2.095
2.0914
2.0933
2.0935
2.0919
2.1007
2.1077
2.113
2.1166
2.1283
2.1597
2.1769
2.1805
2.1689
2.1769
2.2259
2.2513
2.246
2.2386
2.2291
2.2229
2.2137
2.2025
2.2207
2.237
2.2814
2.3238
2.3876
2.5016
2.7074
2.9113
2.9032
2.8933
2.8155
2.808
2.7988
2.7878
2.7752
2.7947
2.8126
2.8982
2.9822
3.0664
3.1746
3.3433
3.5105
3.8195
4.127
4.4334
4.7386
4.933
5.1265
5.2035
5.1839
5.1636
5.1503
5.1364
5.0962
5.0302
4.8459
4.5401
4.2685
3.9963
3.8691
3.7413
3.571
3.5945
3.6728
3.7506
3.7996
3.5934
3.3867
3.0857
2.907
2.7279
2.6249
2.5215
2.4675
2.413
2.3579
2.3312
2.3292
2.3518
2.3991
2.4459
2.4923
2.5384
2.584
2.6294
2.6745
2.6993
2.7069
2.6984
2.6726
2.6465
2.6202
2.5938
2.567
2.6
2.6327
2.797
3.1541
3.7905
4.4479
4.8753
5.1395
5.2861
5.3451
5.4044
5.4137
5.4233
5.4332
5.4298
5.4164
5.4428
5.4696
5.4835
5.4888
5.4887
5.4857
5.4818
5.4789
5.4764
5.479
5.4819
5.4877
5.4937
5.5012
5.5089
5.5171
5.5256
5.5339
5.5423
5.5508
5.5595
5.5665
5.5713
5.573
5.5748
5.5766
5.5783
5.58
5.5722
5.5527
5.5173
5.46
5.4025
5.3051
5.2074
5.0416
4.8754
4.5949
4.3139
3.8424
3.4022
3.0873
2.8848
2.6817
2.5604
2.4384
2.3684
2.2976
2.2534
2.2083
2.1717
2.1497
2.1346
2.1187
2.1021
2.0848
2.065
2.0444
2.0186
1.992
1.974
1.9249
1.8751
1.8246
1.7733
1.7211
1.6951
1.6604
1.6271
1.6109
1.5964
1.5897
1.5933
1.5914
1.6482
1.8211
2.0022
2.1826
2.4363
2.6893
2.7701
2.8503
2.9298
3.0278
3.1259
3.0675
3.139
3.2336
3.3213
3.4084
3.38
3.3724
3.3644
3.3562
3.1615
2.9546
2.9706
3.1537
3.3366
3.5817
3.8268
4.0717
4.3167
4.5617
4.8069
4.9084
4.9267
4.9447
5.0396
5.0832
5.1269
5.1708
5.2148
5.2536
5.2885
5.2926
5.2969
5.2328
5.1689
5.1301
5.1153
5.0555
4.9869
5.01
5.0889
5.1563
5.162
5.1681
5.1745
5.1814
5.1886
5.1772
5.155
5.1334
5.1123
5.0981
5.0951
5.0834
5.0697
5.0567
5.0444
5.0328
5.0242
5.0262
5.029
5.0326
5.0369
5.0419
5.0477
5.0543
5.0615
5.0712
5.0816
5.1007
5.1206
5.1435
5.1673
5.192
5.2176
5.2527
5.2678
5.2839
5.3011
5.3193
5.3377
5.3501
5.3637
5.3271
5.2956
5.2652
5.2358
5.1993
5.1508
5.1033
5.0356
4.969
4.9032
4.8381
4.6953
4.5531
4.2837
4.0149
3.7465
3.2618
2.7737
2.4941
2.3863
2.2786
2.242
2.2298
2.2177
2.2116
2.2265
2.2638
2.2868
2.3378
2.443
2.58
2.7721
3.0389
3.3056
3.5725
3.8396
4.1069
4.3438
4.3694
4.1741
3.9791
3.7844
3.5899
3.6307
3.6718
3.8403
4.013
4.186
4.3494
4.3624
4.2251
4.0882
4.1492
4.2105
4.2722
4.3343
4.3967
4.4596
4.5229
4.5797
4.637
4.6948
4.7532
4.8121
4.8716
4.9342
4.9974
4.9619
4.9271
4.8553
4.855
4.9623
5.0704
5.1793
5.2829
5.2955
5.3091
5.2118
4.9966
4.7823
4.5687
4.6783
4.7885
4.7428
4.6386
4.535
4.4321
4.0955
3.7593
3.7528
3.7467
3.7412
3.7361
3.7316
3.7767
3.8595
3.9955
4.1322
4.3549
4.5785
4.6762
4.8386
5.0021
5.1668
5.2656
5.3148
5.3241
5.335
5.3474
5.3615
5.3772
5.3785
5.3689
5.3506
5.3342
5.3195
5.3067
5.2956
5.2819
5.2707
5.2674
5.2659
5.266
5.2677
5.2582
5.2502
5.2468
5.2447
5.2462
5.249
5.2559
5.2639
5.2732
5.2896
5.3073
5.3283
5.3514
5.3757
5.4
5.4255
5.4523
5.4804
5.5055
5.5269
5.5496
5.5735
5.5902
5.5977
5.593
5.5776
5.5634
5.5392
5.516
5.4941
5.4733
5.4536
5.4207
5.3724
5.3046
5.2108
5.118
4.9793
4.8415
4.7046
4.5685
4.4333
4.3738
4.3151
4.4489
4.5834
4.7187
4.8891
5.0604
5.1849
5.3104
5.3552
5.401
5.4477
5.4542
5.4314
5.3764
5.3224
5.2807
5.2401
5.115
4.9909
4.8678
4.6854
4.5039
4.1204
3.9376
3.5423
3.1999
3.073
2.9464
2.8202
2.6942
2.5684
2.4732
2.3782
2.2833
2.1935
2.1276
2.0617
2.0255
1.9893
1.9531
2.064
2.175
2.286
2.3971
2.6435
2.8901
3.1928
3.4959
3.7993
4.0685
4.3382
4.5353
4.614
4.6932
4.7731
4.8132
4.8539
4.8853
4.8944
4.8863
4.8893
4.8929
4.8972
4.8927
4.8889
4.907
4.9258
4.9685
5.0119
5.056
5.0729
5.0786
5.0851
5.0712
5.058
5.037
5.0167
5.0103
5.0046
4.9756
4.9473
4.9196
4.8926
4.9946
5.0972
5.1047
5.1129
5.1219
5.1317
5.0648
4.9125
4.899
4.8862
4.9329
5.007
5.082
5.1276
5.1741
5.2213
5.1819
