0.19998
0.19998
0.19998
0.19998
0.19998
0.19998
0.19998
0.19998
0.19998
0.19998
0.19998
0.19998
0.19998
0.19998
0.19998
0.19998
0.19998
0.19998
0.19998
0.19998
0.19998
0.19998
0.19998
0.19998
0.19998
0.19998
0.19998
0.19998
0.19998
0.19998
0.19998
0.19998
0.19998
0.19998
0.19998
0.19998
0.19998
0.19998
0.19998
0.19998
0.19998
0.19998
0.19998
0.19998
0.19998
0.19998
0.19998
0.19998
0.19998
0.19998
0.19998
0.19998
0.19998
0.19998
0.19998
0.19998
0.19998
0.19998
0.19998
0.19998
0.19998
0.19998
0.19998
0.19998
