0.30713
0.20469
0.1494
0.12664
0.09731
0.086559
0.091421
0.11304
0.12755
0.16811
0.24528
0.31532
0.25433
0.18626
0.15956
0.12576
0.1176
0.13299
0.14137
0.1428
0.13731
0.12492
0.13821
0.1807
0.2165
0.24572
0.26844
0.2054
0.18936
0.13498
0.10932
0.077319
0.059181
0.050256
0.048307
0.052921
0.065396
0.072019
0.091621
0.10554
0.14137
0.2086
0.32496
0.52101
0.71251
0.8998
1.0832
1.2509
1.4523
1.651
1.8472
2.0412
2.1903
2.233
2.2711
2.2685
2.2646
2.1627
2.0596
1.9551
1.8493
1.7421
1.6509
1.5584
1.4643
1.4445
1.4232
1.3723
1.3201
1.2664
1.2113
1.1989
1.185
1.2997
1.3724
1.3514
1.2759
1.2553
1.2334
1.2341
1.2335
1.2317
1.3637
1.4508
1.5367
1.6217
1.6213
1.5624
1.4969
1.43
1.3615
1.2912
1.2189
1.1443
1.0672
1.0406
1.011
0.97829
0.94218
0.98237
0.9762
0.9662
0.95226
0.93429
0.91221
0.88596
0.92778
0.96537
1.0005
0.96984
0.9349
0.8956
0.85185
0.74818
0.73002
0.70702
0.67909
0.65239
0.71224
0.76689
0.81624
0.67478
0.46709
0.37513
0.37479
0.36828
0.35551
0.30461
0.24723
0.18319
0.16002
0.17154
0.22065
0.20843
0.18905
0.16244
0.12851
0.12064
0.10534
0.10998
0.10712
0.12463
0.13459
0.13695
0.16734
0.23367
0.29235
0.30375
0.30744
0.30337
0.2915
0.34772
0.26906
0.18249
0.13541
0.11544
0.087222
0.073375
0.070223
0.05861
0.053759
0.054356
0.0605
0.07377
0.078455
0.095099
0.12821
0.15323
0.17044
0.18012
0.18247
0.17764
0.16576
0.14702
0.12165
0.12148
0.11493
0.10204
0.10947
0.11075
0.13486
0.18825
0.23604
0.27858
0.3163
0.29592
0.34842
0.39705
0.4421
0.49319
0.55691
0.624
0.73866
0.8512
0.95526
1.0214
1.0719
1.1555
1.2316
1.3139
1.4805
1.7255
1.9714
2.2185
2.4674
2.7183
2.9717
3.274
3.5326
3.6984
3.6081
3.413
3.2221
3.0352
2.8585
2.8466
2.839
2.8449
2.7815
2.5144
2.5341
2.7548
2.9805
3.2118
3.2967
3.3835
3.4766
3.5762
3.3984
2.9227
2.5988
2.4909
2.3886
2.2914
2.1994
2.1122
2.0299
1.9525
2.0177
2.0878
2.1625
2.2418
2.1595
2.0826
2.0099
1.9413
1.8766
2.0067
2.0687
2.1343
2.2031
2.2752
2.4212
2.5701
2.7033
2.8391
2.7443
2.6518
2.4489
2.2318
2.0911
1.9846
1.9951
2.0068
1.9153
1.8247
1.7346
1.6213
1.5188
1.3545
1.1892
1.0228
0.85496
0.78475
0.71255
0.82382
0.93314
1.0406
1.2606
1.4788
1.5721
1.3298
1.0852
0.93131
0.90428
0.87429
0.84119
0.80479
0.76494
0.84256
0.9167
0.81986
0.71953
0.61826
0.51332
0.53826
0.5594
0.63715
0.71116
0.78144
0.75924
0.73326
0.70345
0.66983
0.56123
0.59507
0.6254
0.65239
0.67613
0.69659
0.71368
0.75591
0.85826
0.95713
1.0525
1.1445
1.066
0.9844
0.90004
0.81318
0.7815
0.79992
1.0248
1.2734
1.4655
1.6275
1.6913
1.8014
1.9107
2.0196
2.1284
2.1655
2.2099
2.2733
2.338
2.2985
2.2608
2.2018
2.0312
1.9594
1.8901
1.8236
1.749
1.6772
1.6912
1.6628
1.6372
1.6145
1.5947
1.5466
1.5017
1.4604
1.4226
1.4177
1.6593
2.0855
2.516
2.8154
3.3413
3.8724
4.1076
4.2212
4.2141
3.92
3.5351
3.1555
2.9355
2.7204
2.606
2.7391
3.0365
3.3384
3.645
3.7536
3.6055
3.5297
3.2715
3.0177
2.7681
2.5223
2.2583
1.9974
1.7274
1.4599
1.1946
1.0835
1.0268
1.0995
1.1738
1.2495
1.3266
1.4051
1.4849
1.3102
1.1366
0.97703
0.81792
0.65906
0.67195
0.71644
0.79489
0.87347
0.95202
1.1859
1.4196
1.6529
1.8792
1.8251
1.7704
1.834
1.8969
1.9594
2.0216
2.0836
2.0095
1.9352
1.8607
1.7857
1.7099
1.5899
1.4686
1.3459
1.2217
1.0958
1.0097
0.92168
0.96418
1.0047
1.0433
1.0835
1.1517
1.2181
1.2827
1.3454
1.4368
1.5358
1.7376
1.829
1.8786
1.9268
1.9736
2.0852
1.9034
1.7201
1.4767
1.2313
1.1383
1.0429
0.9451
0.84479
0.87532
0.92053
0.95397
0.92442
0.89206
0.85689
0.79836
0.73692
0.67252
0.60507
0.53452
0.46077
0.31896
0.25681
0.19122
0.17194
0.19397
0.26311
0.3976
0.5292
0.65822
0.82535
0.99047
1.2137
1.4148
1.5307
1.699
1.8663
2.0328
2.0601
1.8402
1.7568
1.6727
1.646
1.6185
1.5904
1.7374
1.9174
2.0977
2.2065
2.2251
2.208
2.1923
2.1394
2.0058
1.9255
1.8474
1.7718
1.6988
1.7511
1.7367
1.7258
1.7782
1.707
1.7949
1.7853
1.9713
2.1622
2.33
2.5036
2.6833
2.8695
3.0625
3.0136
2.9718
2.9373
2.9101
2.8904
2.8359
2.7888
2.8927
3.2458
3.2952
3.5141
3.7049
3.7767
3.8571
3.8356
4.0238
4.2212
4.2172
4.2227
3.9257
3.8115
3.8487
3.8952
3.9507
4.0156
4.0455
4.0849
3.9214
3.6766
3.5266
3.3857
3.4542
3.1131
2.6794
2.254
2.016
2.0912
2.2367
2.3897
2.5279
2.6737
2.5889
2.6022
2.6822
2.7693
2.8637
2.9651
2.8065
2.6548
2.457
2.4436
2.4369
2.4368
2.4434
2.5419
2.6321
2.6363
2.7101
2.6948
2.6853
2.6812
2.6824
2.6888
2.7001
2.6815
2.6851
2.6467
2.613
2.5546
2.4655
2.4342
2.4624
2.4383
2.4179
2.4009
2.3873
2.3146
2.2366
2.1184
2.1107
2.1057
2.1034
2.1036
2.1615
2.311
2.2809
2.2526
2.2259
2.2005
2.1992
2.199
2.1099
2.0215
1.9338
1.7295
1.5254
1.4097
1.2939
1.0451
0.79602
0.6116
0.58579
0.71177
0.91849
1.1247
1.2053
1.2859
1.2081
1.1305
1.0532
0.90434
0.75674
0.69279
0.64619
0.60012
0.54053
0.62263
0.70596
0.89173
1.0795
1.2267
1.3767
1.5487
1.7173
1.89
2.0672
2.2493
2.4366
2.6292
2.8273
3.0309
3.2402
3.4552
3.6765
3.7085
3.6686
3.7206
3.9763
4.0338
4.0994
4.2144
4.338
4.2428
4.13
4.2444
4.1825
4.1302
4.2712
4.4221
4.555
4.4232
4.3016
4.1898
4.088
3.9959
3.9135
3.8407
3.7775
3.7423
3.7165
3.3187
3.1892
3.0685
2.9562
2.6422
2.3357
2.0362
1.7431
1.4559
1.4066
1.3623
1.3228
1.2878
1.4749
2.0503
2.6534
3.0273
3.2563
3.1894
2.9301
2.6746
2.4147
2.1579
1.9894
2.0508
2.0575
2.0661
1.984
1.9034
1.8242
1.7255
1.6277
1.5307
1.4342
1.338
1.2417
1.1451
0.99868
0.85126
0.83003
0.83006
0.82825
0.77101
0.71141
0.64916
0.64646
0.64075
0.63202
0.78483
0.93474
1.1172
1.2358
1.3521
1.4665
1.5753
1.6826
1.5907
1.4376
1.2831
1.2329
1.2258
1.2874
1.3471
1.4046
1.5026
1.4712
1.4381
1.4035
1.3676
1.3307
1.2929
1.1552
1.0293
0.90266
0.77542
0.6843
0.59267
0.50064
0.40828
0.31567
0.30508
0.37391
0.5403
0.7072
1.0591
1.4124
1.7675
2.1248
2.4847
2.8318
3.1194
3.2465
3.3777
3.5132
3.5162
3.5236
3.5354
3.4934
3.446
3.4027
3.3426
3.2866
3.1746
3.1013
3.0777
3.1215
3.1124
3.0341
2.9823
2.9343
2.8688
2.8066
2.7182
2.6329
2.4447
2.2594
2.0879
1.9189
1.7697
1.6713
1.5751
1.481
1.4042
1.3293
1.2879
1.2485
1.2106
1.1742
1.1665
1.0736
0.99296
1.0906
1.1885
1.184
1.1793
1.2005
1.1187
1.1397
1.1594
1.1777
1.1944
1.2797
1.3631
1.4447
1.4262
1.3586
1.2789
1.1969
1.1201
0.93832
0.80774
0.7705
0.84515
1.0287
1.1818
1.3315
1.4777
1.5709
1.554
1.5336
1.5097
1.3605
1.2207
1.1297
1.0346
0.97893
0.91885
0.86603
0.80849
0.73933
0.70637
0.62239
0.58025
0.53266
0.43648
0.33456
0.31385
0.28715
0.25431
0.21515
0.22556
0.28817
0.19895
0.15484
0.14422
0.12667
0.10211
0.097011
0.084678
0.064997
0.054774
0.051266
0.053499
0.048062
0.047395
0.05123
0.047161
0.047394
0.051891
0.048173
0.048601
0.053112
0.062721
0.063455
0.055202
0.0523
0.053986
0.060712
0.058479
0.062574
0.074118
0.0962
0.13472
0.1648
0.18655
0.24868
0.27725
0.19567
0.1575
0.11194
0.088328
0.08074
0.066417
0.062869
0.069398
0.069876
0.064532
0.070362
0.070756
0.065994
0.056358
0.056788
0.067664
0.074441
0.077323
0.096621
0.13749
0.21071
0.33548
0.45682
0.69414
0.92886
1.1614
1.3723
1.5819
1.7903
1.9981
2.2056
2.4133
2.6216
2.7183
2.8162
2.9154
3.0244
3.1488
3.275
3.4052
3.3238
3.2707
3.3277
3.3875
3.349
3.1147
2.9367
2.7945
2.6556
2.5101
2.3677
2.2284
2.0922
1.9433
1.8201
1.7426
1.6943
1.4968
1.3017
1.1087
0.91764
0.81297
0.79472
0.77805
0.96548
1.1545
1.3936
1.6775
1.9826
2.0354
2.0901
2.0867
2.0179
2.0485
2.0802
2.1129
1.8621
1.6116
1.5471
1.7986
2.0497
2.3005
2.4821
2.6634
2.6033
2.3757
2.166
2.0336
1.8996
1.7936
1.5445
1.2779
1.0085
0.74365
0.66889
0.59038
0.46577
0.33706
0.29182
0.31813
0.33995
0.35721
0.36981
0.37764
0.38062
0.37478
0.31
0.24017
0.22769
0.20988
0.24123
0.26691
0.28668
0.37498
0.45697
0.4193
0.37492
0.32366
0.26536
0.18377
0.14274
0.13142
0.11255
0.086143
0.074677
0.075157
0.087574
0.092179
0.11279
0.12523
0.16195
0.1903
0.21034
0.2221
0.22561
0.19077
0.19729
0.19549
0.1854
0.16703
0.14041
0.10552
0.089874
0.089524
0.081191
0.086119
0.083256
0.094368
0.12244
0.17491
0.15894
0.13563
0.14035
0.13786
0.16412
0.18337
0.24349
0.2969
0.34377
0.38424
0.44037
0.46811
0.49006
0.50647
0.39669
0.38504
0.46874
0.48163
0.45844
0.38005
0.28907
0.26977
0.31739
0.36195
0.49794
0.63421
0.76833
0.87415
0.97843
1.0816
1.2381
1.442
1.6921
1.943
2.1949
2.4483
2.7036
2.657
2.6357
2.6026
2.572
2.5439
2.488
2.508
2.4543
2.5415
2.6592
2.7225
2.8958
3.0944
3.1579
3.2272
3.2652
3.3489
3.4009
3.4599
3.3898
3.3439
3.3058
3.2756
3.2533
3.207
3.0966
2.9942
2.8517
2.7173
2.5911
2.4731
2.5026
2.5405
2.5867
2.6593
2.7402
2.8296
2.7226
2.624
2.5336
2.4514
2.3775
2.5022
2.5166
2.7937
3.0787
3.3717
3.6729
3.9827
4.3011
4.6284
4.965
5.3109
5.2852
5.1614
4.7918
4.4308
3.7995
3.4647
3.216
3.0505
2.8909
2.5263
2.1666
2.0861
1.8432
1.6039
1.4801
1.7446
2.012
2.117
1.9231
1.8059
1.7394
1.6745
1.6109
1.5052
1.4003
1.4073
1.4422
1.4775
1.5384
1.5604
1.5825
1.3433
1.0102
0.75811
0.61379
0.47448
0.45686
0.55615
0.6532
0.62424
0.59262
0.57118
0.54656
0.51853
0.48679
0.45109
0.52862
0.60184
0.67081
0.74521
0.81591
0.72621
0.57912
0.47118
0.48304
0.51973
0.51588
0.52054
0.55692
0.63443
0.71107
0.83533
0.95941
1.3334
1.7081
2.0069
2.3074
2.3733
2.4416
2.398
2.3573
2.2929
2.2317
2.1739
2.1195
2.2019
2.2674
2.3371
2.4116
2.4914
2.6033
2.721
2.8719
3.0327
3.0994
3.1729
3.2536
3.3444
3.4605
3.5848
3.7581
3.9408
4.2586
4.4896
4.5832
4.5384
4.5095
4.477
4.4563
4.3582
4.2721
4.1981
4.0839
3.9817
3.9128
3.6054
3.3955
3.1969
2.9535
2.838
2.9547
3.0527
3.1607
3.2785
3.4062
3.5438
3.5073
3.4806
3.4637
3.81
4.1661
3.7598
3.3774
3.2215
2.9357
3.0922
3.5827
4.0818
4.59
4.4459
4.3105
4.1836
3.9906
3.8053
3.6271
3.3414
2.9624
2.6319
2.3064
1.9851
1.6542
1.3067
1.1855
1.0665
0.95357
0.82764
0.83948
0.85582
0.8731
0.89117
0.90984
0.92897
0.92622
0.9237
0.92128
1.0788
1.2362
1.3935
1.4641
1.5342
1.4503
1.3653
1.4599
1.5529
1.6442
1.6892
1.732
1.6768
1.4971
1.3145
1.16
1.0079
0.88056
0.8821
0.87872
0.87005
0.91079
0.83593
0.81887
0.79617
0.76779
0.73368
0.69385
0.64427
0.51526
0.36473
0.30359
0.23694
0.22652
0.16205
0.13428
0.10098
0.088403
0.070195
0.064586
0.053264
0.05006
0.041067
0.036939
0.036585
0.039926
0.047869
0.06246
0.087436
0.10648
0.11958
0.15788
0.19032
0.21704
0.23809
0.31551
0.46962
0.61854
0.76252
0.90176
1.0365
1.1671
1.2875
1.3865
1.4819
1.5485
1.5081
1.4644
1.4953
1.5331
1.5679
1.5999
1.5614
1.5528
1.4502
1.3449
1.2369
1.1947
1.1501
1.0955
1.1436
1.2033
1.2612
1.3177
1.3204
1.3221
1.3314
1.376
1.4203
1.4649
1.4733
1.3994
1.3656
1.4439
1.5236
1.6051
1.6886
1.7003
1.7144
1.7309
1.75
1.6284
1.4908
1.3557
1.4608
1.5685
1.6788
1.7919
1.9916
2.1542
2.32
2.4555
2.4998
2.5475
2.5986
2.7674
2.9398
3.1161
3.2963
3.4807
3.6692
3.6548
3.6447
3.6388
3.7017
3.7688
3.7386
3.6494
3.6126
3.4337
3.258
3.0485
2.8415
2.6368
2.3002
2.0041
1.7404
1.4513
1.2212
0.98895
0.77792
0.61596
0.45241
0.40474
0.46035
0.48437
0.50604
0.52522
0.41032
0.29263
0.24805
0.20006
0.14828
0.13097
0.14329
0.18814
0.22794
0.26253
0.29176
0.23872
0.15693
0.11015
0.08601
0.078021
0.083937
0.10514
0.14702
0.18209
0.25775
0.32663
0.28905
0.24463
0.1933
0.18537
0.21885
0.30254
0.30616
0.38306
0.45376
0.5185
0.48943
0.48998
0.61302
0.7314
0.63449
0.58154
0.67628
0.76765
0.70161
0.63278
0.61141
0.58762
0.56158
0.5335
0.56125
0.73355
1.0023
1.2704
1.5383
1.7879
2.0382
2.2897
2.3379
2.3004
2.3345
2.3708
2.4097
2.4511
2.4954
2.5427
2.6139
2.6884
2.7664
2.8045
2.8711
2.9095
3.0754
3.1003
3.1298
3.164
3.2031
3.2471
3.2961
3.3503
3.4119
3.3829
3.3589
3.2374
3.06
2.927
2.7981
2.7288
2.6339
2.5428
2.4335
2.3277
2.2252
2.1259
2.0297
1.9363
1.8706
1.7864
1.7043
1.6327
1.5846
1.4686
1.3533
1.2384
1.1233
1.0145
1.019
1.0225
1.0809
1.1381
1.1939
1.2482
1.2635
1.277
1.2341
1.1365
1.0023
0.92321
0.84105
0.75548
0.66625
0.57313
0.49723
0.41708
0.33251
0.32994
0.3226
0.39429
0.56358
0.72784
0.85131
0.92392
0.99173
0.89068
0.73241
0.6329
0.52823
0.41831
0.41196
0.35687
0.26951
0.24687
0.28305
0.38752
0.41302
0.43331
0.44847
0.46875
0.45685
0.55892
0.65609
0.69779
0.73469
0.78156
0.82384
0.86164
0.89506
0.9242
0.94916
1.0048
1.0206
1.0334
1.0628
1.0886
1.1111
1.1304
1.1467
1.0978
0.96817
0.83619
0.72379
0.79771
0.98593
1.1725
1.2367
1.2997
1.3617
1.4227
1.4413
1.4595
1.4776
1.5008
1.5245
1.5489
1.5885
1.6295
1.672
1.7166
1.7635
1.7828
1.8051
1.8305
1.8592
1.8914
2.1124
2.3376
2.6318
2.9308
2.9599
2.9631
2.972
2.9866
2.9773
3.0325
3.0599
3.1664
3.2792
3.3985
3.5246
3.6159
3.5685
3.4546
3.3762
3.2218
3.1251
3.109
3.164
3.2313
3.3054
3.3861
3.4567
3.534
3.6293
3.5136
3.4048
3.2961
3.1934
3.1313
3.0749
3.1172
2.9654
2.819
2.5763
2.3385
2.0756
1.817
1.7552
1.7634
1.7909
1.7577
1.7279
1.6732
1.6213
1.5356
1.4289
1.3255
1.2621
1.2266
1.1921
1.1692
1.1469
1.1748
1.203
1.2311
1.259
1.2555
1.2763
1.2963
1.3155
1.3337
1.3508
1.3668
1.4445
1.5208
1.5828
1.5737
1.6011
1.6263
1.6493
1.6698
1.6877
1.7029
1.7153
1.5505
1.3933
1.3801
1.3631
1.184
1.0007
0.81297
0.71987
0.62213
0.51965
0.41229
0.32663
0.23561
0.2004
0.21171
0.27241
0.28867
0.29918
0.30391
0.29935
0.28891
0.34777
0.31002
0.26876
0.22129
0.16748
0.15078
0.12744
0.097298
0.085493
0.088781
0.084735
0.095297
0.098345
0.093791
0.10597
0.11043
0.10713
0.096044
0.077156
0.070544
0.07448
0.090001
0.12119
0.17623
0.22366
0.32187
0.41289
0.49697
0.57433
0.66859
0.6221
0.56956
0.51118
0.44347
0.37026
0.38809
0.50177
0.49009
0.47364
0.45254
0.43716
0.35554
0.36208
0.36426
0.36215
0.35581
0.34527
0.42047
0.49163
0.55888
0.62244
0.68256
0.91722
1.149
1.3783
1.6679
1.8745
1.8998
2.0575
2.2121
2.2252
2.2449
2.2647
2.2866
2.3092
2.3518
2.3953
2.4084
2.4227
2.4386
2.3835
2.2678
2.1989
2.1317
2.0664
2.0029
1.9149
1.745
1.5774
1.4124
1.3932
1.3769
1.3929
1.4121
1.3924
1.3761
1.3632
1.5007
1.642
1.7874
2.0068
2.2309
2.46
2.6945
2.9349
3.0817
3.0384
3.0237
3.1563
3.2959
3.4426
3.5966
3.3849
3.5046
3.5535
3.6099
3.3675
3.1324
2.9045
2.9922
3.0868
3.1886
3.2976
3.3548
3.3122
3.3153
3.3647
3.4217
3.4864
3.559
3.7251
3.5243
3.3317
2.9802
2.6365
2.4445
2.3443
2.4142
2.4918
2.5976
2.7641
2.9058
2.958
3.1399
3.1809
3.3719
3.3729
3.2644
3.1639
3.071
2.9855
2.9074
2.7426
2.5289
2.4748
2.3255
2.2956
2.2837
2.2781
2.2788
2.2858
2.2992
2.2607
2.3991
2.5443
2.6412
2.7998
2.833
2.8735
2.8774
2.9051
2.9544
3.0109
3.0747
3.0115
2.9864
2.9238
2.8682
2.8374
2.847
2.8641
2.9097
2.877
2.852
2.8669
2.96
3.0783
3.2043
3.338
3.4729
3.3891
3.3119
3.2418
3.1786
3.1703
3.1686
3.2205
3.1645
3.0964
3.035
3.0748
3.1212
3.3259
3.2237
3.1283
3.0154
2.8646
2.7199
2.5981
2.5353
2.4872
2.4447
2.4073
2.375
2.3475
2.3247
2.3065
2.2927
2.2832
2.3111
2.3432
2.278
2.0832
1.9299
1.8245
1.7223
1.5543
1.4424
1.333
1.3048
1.2787
1.2543
1.2382
1.3664
1.4956
1.6257
1.7568
1.8892
2.0232
2.1494
2.2777
2.3133
2.3513
2.3209
2.2044
2.2033
2.397
2.2296
2.0644
1.9648
1.8322
1.8028
1.9372
1.7863
1.5168
1.3915
1.3912
1.5601
1.6034
1.648
1.6937
1.7406
1.645
1.5505
1.5144
1.5773
1.6172
1.6578
1.7164
1.7757
1.8358
1.8773
1.8877
1.8989
1.9107
2.1574
2.4599
2.7631
3.0672
3.367
3.6627
3.3519
2.8852
2.4185
2.0088
1.5978
1.38
1.1983
0.9882
0.77565
0.56037
0.48811
0.41286
0.33446
0.24861
0.22435
0.25541
0.28347
0.2785
0.2706
0.25985
0.31406
0.44751
0.53284
0.49089
0.44661
0.40565
0.36235
0.41109
0.45767
0.49355
0.56578
0.55978
0.5521
0.54278
0.53187
0.65791
0.77457
0.89026
1.1181
1.4114
1.7051
1.811
1.8324
1.8681
1.9047
2.0948
2.456
2.8188
3.1839
3.1907
3.2418
3.1441
3.0501
3.0783
3.1106
3.0823
3.0587
3.1113
3.0567
3.0072
2.9628
2.9236
2.8898
2.8614
2.8385
2.8212
2.8098
2.8042
2.8046
2.8111
2.8238
2.8429
2.8961
2.8369
2.7849
2.7401
2.8437
2.9383
3.0408
3.1128
3.1931
3.0435
2.9023
2.7692
2.4982
2.2349
2.1406
2.0536
1.9737
2.0666
2.1669
2.2745
2.3896
2.5122
2.6422
2.9869
3.1434
3.1338
3.1319
3.1376
3.1509
3.3362
3.5294
3.6433
3.6646
3.6962
3.7362
3.7846
3.8479
3.9199
3.9233
3.8371
3.7593
3.775
3.7987
3.8305
3.8701
3.7802
3.5747
3.1861
2.804
2.4279
2.2511
2.0798
2.0273
2.0562
2.0902
2.1152
2.1454
2.3569
2.3715
2.32
2.274
2.2334
2.1009
1.9839
1.9352
1.8913
1.852
1.9245
2.0015
2.0827
2.1681
2.2575
2.54
2.4008
2.298
2.1599
2.1065
2.0564
1.945
1.8146
1.6344
1.4566
1.3688
1.2829
1.4424
1.6037
1.7669
1.932
1.9269
1.9232
2.1544
2.5759
2.9061
3.1866
3.2661
3.0538
2.8436
2.6354
2.4291
2.2591
2.0908
1.9239
1.7582
1.5082
1.3892
1.5446
1.7001
1.8557
1.9607
1.8605
1.6481
1.4357
1.223
1.1802
1.2169
1.2531
1.2491
1.1261
1.0023
0.87766
0.78955
0.70028
0.60976
0.51793
0.55953
0.5997
0.63844
0.67578
0.60167
0.52845
0.44403
0.47346
0.62436
0.93605
1.2462
1.555
1.8629
2.1698
2.4761
2.7816
2.9643
2.514
2.0629
1.6107
1.338
1.2593
1.1789
1.2663
1.5112
1.7545
1.8088
1.8622
1.8514
1.8397
1.8275
1.8146
1.8015
1.7883
1.6496
1.4386
1.228
1.2357
1.1003
0.96523
0.99662
0.98444
0.97498
0.96587
0.95702
0.94833
1.0973
1.2296
1.3622
1.4952
1.6288
1.7633
1.8263
1.8253
1.8257
1.8275
1.8308
1.8356
1.8418
1.9627
2.0852
2.2095
2.3356
2.2768
2.2202
2.283
2.3484
2.6027
2.8601
3.2011
3.5456
3.5398
3.5374
3.297
3.0596
2.7793
2.4949
2.1768
1.8683
1.5611
1.2548
0.94913
0.71604
0.56612
0.56379
0.56171
0.70626
0.94519
1.3121
1.6709
2.0796
2.49
2.7456
2.8014
2.7998
2.6875
2.5767
2.4672
2.3586
2.2395
2.1209
1.9606
1.8161
1.5376
1.2191
0.89942
0.69728
0.51413
0.35923
0.29491
0.22736
0.21562
0.25645
0.2936
0.40338
0.50925
0.7437
0.92797
1.0648
1.1659
1.2633
1.3572
1.4477
1.5283
1.5091
1.4871
1.4623
1.3751
1.2852
1.1929
0.92725
0.66499
0.57303
0.47815
0.38022
0.37804
0.3603
0.31
0.3367
0.32445
0.30839
0.28856
0.34017
0.38817
0.53377
0.59281
0.64883
0.67731
0.70312
0.80089
0.96168
1.1207
1.2782
1.4346
1.6855
1.9358
1.9993
2.1602
2.2381
2.2271
2.2166
2.2066
2.2347
2.2635
2.293
2.3018
2.3043
2.3073
2.3111
2.357
2.357
2.3582
2.3608
2.326
2.2928
2.1811
2.0713
1.9509
1.8324
1.7157
1.6177
1.5234
1.5256
1.5294
1.5349
1.5421
1.5511
1.5618
1.6871
1.8142
1.7748
1.737
1.7612
1.7868
1.8138
1.8423
1.8238
1.8065
1.8975
2.1446
2.1829
2.2222
2.2622
2.2593
2.2229
2.1867
2.1024
2.0178
1.9327
1.8468
2.0814
2.2672
2.1734
2.0787
1.7233
1.3662
1.1665
0.96436
0.84704
0.72669
0.68457
0.63914
0.55893
0.4752
0.38786
0.39781
0.40403
0.41693
0.42597
0.43107
0.41204
0.3977
0.37911
0.45487
0.49969
0.53993
0.57545
0.60616
0.57874
0.45359
0.30901
0.23955
0.16466
0.12711
0.11706
0.13176
0.17491
0.2577
0.3346
0.49275
0.6451
0.6728
0.7855
0.88469
0.9783
1.0664
1.1488
1.0096
0.98495
0.95419
0.9173
0.97395
1.0248
0.98255
0.93472
0.88126
0.75394
0.73288
0.70598
0.57593
0.43987
0.41218
0.37826
0.43653
0.40914
0.37548
0.33553
0.2893
0.31214
0.32881
0.42506
0.51544
0.60017
0.67945
0.75348
0.60296
0.44748
0.28709
0.1966
0.15253
0.14353
0.12998
0.112
0.089722
0.086623
0.10204
0.14009
0.17437
0.25047
0.32323
0.47703
0.62803
0.94006
1.2501
1.3925
1.3776
1.3673
1.3562
1.3443
1.3318
1.4617
1.6183
1.7343
1.8758
2.0462
2.2173
2.4219
2.628
2.8239
2.9157
3.0099
3.1067
3.1571
3.2013
3.2487
3.1534
3.0616
2.9734
2.8886
2.8074
2.7296
2.6552
2.5843
2.517
2.4559
2.4634
2.4746
2.4897
2.4421
2.3635
2.2663
2.237
2.1525
2.0715
1.9612
1.8543
1.7402
1.6291
1.5206
1.5068
1.495
1.4851
1.4764
1.5056
1.5606
1.6174
1.6759
1.7362
1.8728
2.0112
2.0203
2.0254
2.0319
2.0631
2.0954
2.1289
2.053
1.978
1.9038
1.8304
1.7332
1.6366
1.5403
1.4994
1.4589
1.4187
1.4445
1.4186
1.3932
1.3126
1.2563
1.2608
1.2658
1.4434
1.4501
1.4227
1.3836
1.3451
1.3742
1.3985
1.4235
1.4492
1.476
1.5735
1.7862
2.0004
2.1254
2.0982
2.0802
2.0642
2.1534
2.2448
2.1941
2.0513
2.1399
2.2306
2.3236
2.3654
2.4096
2.4564
2.4374
2.3819
2.3242
2.2467
2.1725
2.1833
2.1977
2.1556
2.1172
2.0828
2.1105
2.1606
2.1328
2.1094
2.0905
2.0762
2.1807
2.2901
2.3247
2.3646
2.4098
2.4605
2.5168
2.5723
2.6339
2.6821
2.6616
2.6256
2.6181
2.6373
2.6634
2.7816
2.9066
2.9527
2.952
3.027
3.1091
3.1984
3.295
3.3991
3.5109
3.6305
3.7581
3.7576
3.6334
3.5172
3.4678
3.385
3.31
3.1202
3.0133
2.9575
2.9391
2.9279
2.9239
2.859
2.8804
2.909
2.945
2.9881
3.0384
3.0959
3.1604
3.1002
3.0468
2.9999
2.9596
2.9257
2.7503
2.546
2.3474
2.26
2.178
2.1012
2.0294
1.9624
2.0895
2.1695
2.2541
2.3432
2.4368
2.4311
2.3664
2.3058
2.249
2.1957
2.1457
2.0563
1.9696
1.8852
1.8297
1.8972
1.9104
1.9592
2.0011
2.0658
2.1323
2.2004
2.09
1.9543
1.8197
1.6862
1.567
1.4483
1.5233
1.5963
1.6515
1.7477
1.8439
1.905
1.8447
1.7844
1.6578
1.5308
1.4033
1.2934
1.165
1.1279
1.0898
1.0747
1.0586
1.0211
0.96884
0.91518
0.85999
0.83125
0.80075
0.77587
0.74703
0.71623
0.86997
1.0219
1.1722
1.2655
1.3575
1.4482
1.5377
1.6264
1.4635
1.2996
1.3111
1.4133
1.4387
1.5384
1.5553
1.5715
1.5872
1.6024
1.6173
1.5193
1.5171
1.694
1.7995
1.7094
1.6195
1.5862
1.5577
1.5657
1.6158
1.6669
1.722
1.7276
1.6905
1.5839
1.6732
1.765
1.8597
1.9574
2.023
2.0924
2.1258
2.1635
2.2466
2.2878
2.3338
2.3847
2.4406
2.5017
2.5679
2.6394
2.76
2.7474
2.7403
2.7386
2.818
2.9029
2.9932
3.1987
3.207
3.1459
3.0898
3.1559
3.2271
3.2805
3.3391
3.4033
3.4732
3.5486
3.6165
3.5229
3.4348
3.3519
3.2743
3.2017
3.1342
3.0715
3.0135
2.7321
2.4547
2.1817
2.0163
1.8541
1.6948
1.4856
1.2785
1.0734
0.86992
0.80777
0.80067
0.79441
0.78879
0.71186
0.68542
0.65889
0.63203
0.65072
0.61578
0.58483
0.59057
0.63125
0.74425
1.05
1.4891
1.9489
2.3381
2.5294
2.4875
2.4454
2.121
1.82
1.5179
1.4141
1.4708
1.5258
1.5791
1.5718
1.4958
1.3646
1.2978
1.2487
1.1284
1.1607
1.1315
1.0995
1.0759
1.0496
1.0207
0.98907
0.94748
0.90296
0.82566
0.74547
0.66245
0.74912
0.8331
0.91447
0.99332
1.1273
1.259
1.3883
1.5643
1.6084
1.5104
1.4101
1.3074
1.202
1.0937
0.98228
0.97396
0.96191
0.94584
0.9255
0.90073
0.87145
0.83763
0.79934
0.71516
0.62658
0.53354
0.46228
0.38683
0.40719
0.52863
0.64512
0.75671
0.86342
0.96528
1.0623
0.87687
0.79388
0.70567
0.61206
0.67226
0.90194
1.1777
1.2026
0.97581
0.74371
0.60835
0.49204
0.37009
0.24232
0.17158
0.13936
0.13722
0.16461
0.22875
0.26337
0.25177
0.23494
0.27438
0.38078
0.48312
0.51377
0.54119
0.56563
0.54473
0.52116
0.51975
0.51601
0.47395
0.42989
0.49587
0.45397
0.52871
0.56779
0.60571
0.66894
0.90573
1.1425
1.3487
1.5549
1.7433
1.9337
2.1288
2.319
2.5745
2.8342
3.071
3.3026
3.5397
3.7057
3.6489
3.5983
3.7258
3.8602
4.0018
4.4905
4.6155
4.7491
4.8914
4.8774
4.5425
4.2164
3.8987
3.5891
3.282
2.9825
2.6903
2.405
2.3759
2.4116
2.5629
2.6045
2.6526
2.7072
2.7683
2.974
3.1861
3.3887
3.5978
3.8133
4.0352
3.9819
3.5624
3.1485
2.576
2.2234
2.034
1.8474
1.8156
1.7329
1.4624
1.193
1.0215
1.0377
1.0535
1.0685
1.0978
1.0428
0.90495
0.74786
0.58819
0.49404
0.39629
0.39771
0.39478
0.3763
0.3716
0.36193
0.34725
0.31946
0.28657
0.24855
0.17769
0.14783
0.11264
0.1013
0.08431
0.083386
0.098105
0.10659
0.10866
0.13241
0.1838
0.276
0.43285
0.56182
0.59772
0.52062
0.39531
0.36502
0.34184
0.31116
0.22519
0.19051
0.1981
0.19838
0.1914
0.17721
0.15591
0.16807
0.17308
0.21594
0.30779
0.39241
0.46983
0.47857
0.50888
0.53207
0.54808
0.62039
0.62857
0.62972
0.624
0.61158
0.59266
0.44562
0.40834
0.29832
0.25995
0.21566
0.16556
0.1529
0.13474
0.14636
0.15287
0.19428
0.2816
0.3645
0.44413
0.53447
0.6802
0.89175
1.0998
1.1552
1.1631
1.0222
0.87837
0.8133
0.74557
0.74071
0.74276
0.69465
0.74752
0.80272
0.95062
1.0976
1.244
1.426
1.6079
1.8452
2.0828
2.3211
2.5926
3.0542
3.4645
3.6397
3.5277
3.4179
3.2074
2.9993
2.7105
2.6795
2.5171
2.3567
2.3201
2.3407
2.2305
2.1226
1.9816
1.8612
1.7428
1.6264
1.5117
1.5632
1.5542
1.5381
1.7058
1.8748
2.0453
2.2172
2.3907
2.3118
2.2155
2.1207
2.0272
1.7815
1.5367
1.3018
1.1334
0.96509
0.9351
1.0084
1.0811
1.1531
1.2242
1.3099
1.3118
1.3648
1.4163
1.466
1.5135
1.5782
1.7609
1.6588
1.3708
1.2935
1.2131
1.1294
1.0424
0.97749
0.90888
0.81956
0.721
0.63708
0.54867
0.51929
0.49691
0.46969
0.43902
0.41101
0.48481
0.51816
0.54613
0.56856
0.58528
0.52109
0.49583
0.4642
0.39768
0.42803
0.39843
0.36195
0.31852
0.23261
0.20019
0.16068
0.15589
0.14398
0.12487
0.13096
0.12964
0.12076
0.10418
0.079798
0.068266
0.066491
0.073935
0.073227
0.064295
0.063774
0.071511
0.070971
0.062197
0.06142
0.06849
0.08531
0.094091
0.094874
0.087722
0.095602
0.09582
0.088509
0.073743
0.070793
0.07902
0.080154
0.074379
0.081162
0.10238
0.11703
0.1253
0.12737
0.15666
0.22116
0.33804
0.45016
0.55792
0.66171
0.75552
0.84607
0.84738
0.84589
0.78846
0.72859
0.75669
0.85195
0.99261
1.132
1.2706
1.4118
1.5098
1.6082
1.7074
1.8077
1.9244
2.0913
2.2605
2.3813
2.4714
2.5646
2.654
2.8238
2.9977
3.176
3.1769
3.1828
3.1938
3.3301
3.4721
3.4917
3.5175
3.4008
3.4838
3.5731
3.6688
3.6663
3.6704
3.6044
3.3555
3.1128
2.876
2.6447
2.5513
2.463
2.3794
2.4551
2.6594
2.7376
2.8203
2.7456
2.6836
2.6258
2.5719
2.4523
2.336
2.2227
2.112
2.0035
1.8245
1.7231
1.6224
1.5334
1.4446
1.3556
1.4314
1.4967
1.3803
1.3279
1.2741
1.137
0.99763
0.85552
0.7599
0.64458
0.52078
0.39288
0.26052
0.19125
0.16683
0.13725
0.10231
0.088448
0.068859
0.061347
0.063882
0.060493
0.066943
0.084916
0.096933
0.1029
0.12949
0.14982
0.20281
0.24935
0.17868
0.1479
0.11043
0.095011
0.097628
0.11899
0.16474
0.20401
0.29005
0.44551
0.59516
0.8943
0.92056
0.84241
0.75919
0.67089
0.58559
0.49517
0.52854
0.5569
0.72542
0.90461
1.0095
1.0576
1.1021
1.1167
1.1717
1.2241
1.2642
1.2568
1.2475
1.2393
1.2295
1.2183
1.2058
1.1732
1.1314
1.1378
1.1434
1.3354
1.5265
1.7176
1.9088
2.0219
2.0488
2.0765
2.105
2.1343
2.1535
2.1739
2.1956
2.2189
2.2439
2.2337
2.0984
1.9832
1.87
1.9131
2.0761
2.203
2.3323
2.464
2.5021
2.5431
2.592
2.6559
2.7607
2.8716
2.6889
2.4945
2.3796
2.1884
1.9997
1.813
1.6282
1.6101
1.5936
1.5785
1.5649
1.5526
1.5417
1.5319
1.5639
1.5971
1.6315
1.6671
1.7038
1.8182
1.8774
1.9372
1.9975
2.1235
2.2174
2.2999
2.2381
2.1671
2.001
1.8344
1.6809
1.4373
1.3379
1.237
1.1342
1.1025
1.0686
1.0323
0.9219
0.78172
0.71636
0.74578
0.81775
0.76594
0.64275
0.57607
0.6549
0.60481
0.51806
0.5614
0.63504
0.70394
0.76826
0.67408
0.65501
0.63137
0.60302
0.56977
0.53139
0.41441
0.26469
0.17813
0.13213
0.11471
0.12132
0.15372
0.22036
0.33868
0.33351
0.40964
0.48031
0.54557
0.60545
0.62578
0.63319
0.57458
0.54821
0.51667
0.48007
0.56343
0.61903
0.66039
0.63204
0.60556
0.57431
0.53841
0.63814
0.7335
0.82463
0.91158
0.9973
1.0791
1.1923
1.3019
1.408
1.6197
1.5813
1.3249
1.0652
0.93877
0.92694
1.0327
1.2561
1.5651
1.8709
2.1738
1.9948
1.8132
1.6291
1.4808
1.3298
1.2
1.0674
0.93983
0.7483
0.59409
0.48547
0.49975
0.51048
0.65059
0.73014
0.80633
0.73565
0.66163
0.7565
0.84811
0.93655
0.99694
1.0102
1.0205
0.92559
0.82786
0.72725
0.73044
0.79497
0.90825
0.97564
1.0402
1.0175
0.97356
0.92425
0.87177
0.93994
0.96539
1.0138
1.1741
1.3318
1.487
1.64
1.6136
1.5849
1.5535
1.5194
1.4827
1.4435
1.4021
1.2856
1.1911
1.1049
1.0167
1.0492
1.0799
1.13
1.1785
1.2254
1.2709
1.3473
1.4222
1.468
1.5123
1.5562
1.501
1.4442
1.3856
1.3251
1.2627
1.1981
1.1343
1.1086
1.0806
1.0795
1.1092
1.1361
1.1601
1.296
1.4339
1.4952
1.5542
1.6113
1.5503
1.5162
1.405
1.4567
1.5058
1.5522
1.5901
1.6256
1.6588
1.4435
1.1827
0.91975
0.65455
0.55753
0.48175
0.404
0.32122
0.23666
0.21198
0.24077
0.33059
0.41473
0.47042
0.52477
0.57783
0.61756
0.69204
0.94562
1.0624
1.1785
1.294
1.3707
1.4472
1.5233
1.8274
2.2785
2.5151
2.6982
2.8824
3.0678
2.9334
2.8006
2.6692
2.5393
2.4107
2.2833
2.1572
2.1451
2.4538
3.1938
3.651
3.385
3.1211
3.1866
2.9432
2.6456
2.3496
2.0551
1.7623
1.4709
1.1809
1.0027
0.826
0.73323
0.71695
0.70247
0.68991
0.67938
0.74218
0.8073
0.87492
0.94527
1.0185
1.1398
1.2644
1.3439
1.5381
1.7632
1.9927
2.2269
2.4125
2.544
2.6809
2.7955
2.9157
2.7712
2.6321
2.5687
2.5107
2.5871
2.5703
2.5595
2.7906
3.028
3.2721
3.523
3.791
3.8976
4.1678
4.4454
4.5813
4.5109
4.4482
4.3935
4.3466
4.3183
4.2979
3.9681
3.646
3.5288
3.4187
3.3155
3.219
3.1291
3.0454
2.8981
2.7811
2.6695
2.563
2.4588
2.3588
2.1164
1.9395
1.7651
1.6117
1.4599
1.3252
1.1911
1.0573
0.99442
1.0243
1.0538
1.0476
1.0409
1.0193
0.99689
0.91885
0.83993
0.75999
0.62692
0.49221
0.48368
0.47294
0.4598
0.44406
0.42553
0.40399
0.37928
0.35134
0.41162
0.46864
0.5224
0.57291
0.52069
0.46537
0.42609
0.49487
0.56089
0.62432
0.60743
0.58817
0.58375
0.57718
0.71893
0.85912
1.1367
1.7097
2.2831
2.5052
2.5807
2.6587
2.7396
2.9127
3.0248
3.1411
3.0154
2.8943
2.7778
2.8799
2.9868
2.8227
2.6636
2.472
2.2855
2.3571
2.4341
2.5166
2.5237
2.5366
2.6448
2.7084
2.7779
2.8534
2.9351
3.0229
3.117
3.3558
3.4792
3.6097
3.6393
3.6765
3.7359
3.8033
3.8788
3.9657
4.0613
4.1655
4.2783
4.3137
4.1334
3.6927
3.5354
3.2689
2.7956
2.3262
1.9875
1.7787
1.5761
1.3794
1.2761
1.3057
1.3409
1.3991
1.463
1.5584
1.6598
1.6795
1.6407
1.6246
1.6145
1.6427
1.677
1.8778
2.1727
2.4739
2.7817
3.0961
3.2684
3.4475
3.6919
3.9433
3.929
3.8425
3.6566
3.4769
3.3319
3.1925
3.0583
2.9289
2.5514
2.1778
2.2641
2.9432
3.626
4.3582
5.095
5.4075
5.3082
4.6919
3.75
2.938
2.1289
1.6408
1.1542
0.96894
0.86054
0.85114
0.84174
0.86653
0.7956
0.72402
0.61349
0.57613
0.53718
0.4807
0.42206
0.35007
0.27534
0.1976
0.16795
0.1783
0.15047
0.1574
0.15955
0.15664
0.14838
0.13444
0.11453
0.088444
0.079041
0.08377
0.10378
0.1442
0.17797
0.20503
0.22535
0.23896
0.21572
0.18562
0.19658
0.25101
0.28145
0.28425
0.21723
0.19781
0.22103
0.29326
0.35728
0.50644
0.64805
0.78238
0.76752
0.63718
0.54469
0.44479
0.29205
0.20761
0.16938
0.16734
0.20093
0.27888
0.34893
0.27865
0.20045
0.1665
0.12462
0.10728
0.082084
0.070468
0.06947
0.078904
0.080773
0.075167
0.062164
0.057976
0.061539
0.073911
0.079248
0.077736
0.06961
0.055155
0.049053
0.050028
0.058567
0.077082
0.090509
0.12257
0.14983
0.21143
0.26854
0.39126
0.50994
0.64214
0.73287
0.82908
0.8447
0.85726
0.93548
1.0109
1.1226
1.2323
1.3612
1.4891
1.6362
1.818
1.9804
2.1428
2.3052
2.4681
2.5691
2.6712
2.69
2.7103
2.6885
2.7101
2.7343
2.7612
2.791
2.8239
2.9959
3.2772
3.2727
3.1592
3.0796
2.8442
2.5007
2.0654
1.6457
1.4711
1.4649
1.4621
1.5289
1.5993
1.7248
1.8541
1.9873
2.1028
2.1232
2.0795
2.0664
2.1346
2.3732
2.6159
2.679
2.4205
2.166
1.9149
1.8156
1.9939
2.3237
2.5961
2.8716
2.9058
2.9434
2.9841
3.0282
3.0753
3.1256
2.7114
2.2892
2.0265
1.8519
1.8546
1.859
1.8649
1.8722
1.8027
1.712
1.6394
1.5675
1.4339
1.301
1.2153
1.191
1.1462
1.0617
1.067
1.2159
1.1483
1.172
1.1962
1.2209
1.246
1.2714
1.313
1.3107
1.3085
1.3066
1.394
1.485
1.5859
1.7168
1.8478
1.9791
2.1107
2.1648
2.1111
2.0571
2.0026
1.9474
1.8912
1.834
1.7756
1.7156
1.651
1.5847
1.6033
1.6204
1.6207
1.6194
1.6165
1.6118
1.5773
1.5006
1.4221
1.3419
1.26
1.1846
1.1063
1.0264
0.94699
0.85009
0.75092
0.64934
0.71429
0.75772
0.79872
0.78681
0.72978
0.67022
0.60804
0.5183
0.42575
0.44118
0.45377
0.46356
0.4681
0.59175
0.58732
0.64669
0.70347
0.82209
0.96642
1.1085
1.2073
1.2145
1.2477
1.398
1.5608
1.7616
1.9743
2.1186
2.1222
2.1252
2.1278
2.1299
2.1316
2.1968
1.9983
1.8537
1.7089
1.5637
1.4181
1.35
1.2814
1.338
1.588
1.8378
1.9245
1.8444
1.7842
1.724
1.7575
1.7913
1.8255
1.8603
1.8959
1.9323
1.9697
1.8937
1.8187
1.7446
1.6715
1.599
1.5271
1.4635
1.4003
1.3668
1.3333
1.4249
1.4813
1.5047
1.5278
1.5505
1.4701
1.5527
1.6346
1.7027
1.6139
1.524
1.4327
1.584
1.7339
1.5833
1.4292
1.2732
1.1152
1.1069
1.0963
1.2157
1.3328
1.4477
1.5603
1.6706
1.9168
1.9428
1.7383
1.5309
1.2775
1.0206
0.78761
0.63364
0.47515
0.31187
0.2247
0.19074
0.20102
0.2058
0.20501
0.19858
0.18643
0.21703
0.2983
0.3519
0.39961
0.44138
0.4771
0.50667
0.34924
0.27626
0.26855
0.25407
0.23264
0.20406
0.22126
0.231
0.20329
0.16788
0.16829
0.16063
0.18669
0.20468
0.21464
0.17607
0.12952
0.10868
0.10808
0.099398
0.10847
0.10945
0.10234
0.087123
0.086533
0.10058
0.10696
0.10587
0.12507
0.16968
0.13347
0.12502
0.10964
0.11589
0.11528
0.10783
0.093576
0.072553
0.063707
0.064815
0.076253
0.1011
0.11963
0.16312
0.20064
0.23242
0.25869
0.27971
0.36854
0.45258
0.64987
0.84287
1.0319
1.2318
1.4283
1.5793
1.7273
1.8026
1.8751
1.9451
1.9162
1.8976
1.842
1.7845
1.7475
1.7093
1.5992
1.4881
1.3762
1.2824
1.188
1.0116
0.92222
0.93865
1.0164
1.1813
1.3466
1.5126
1.6796
1.8479
1.9579
2.0697
2.1835
2.2598
2.2998
2.3422
2.3264
2.3132
2.3028
2.1539
2.0077
1.864
1.7229
1.7148
1.7091
1.8003
1.8941
1.9904
2.1471
2.3063
2.3615
2.6485
2.938
3.2302
3.4467
3.6662
3.8259
3.5893
3.2241
2.8837
2.5452
2.2084
2.2051
2.203
2.0543
1.9066
1.7231
1.5402
1.3576
1.1932
1.1138
1.034
1.0487
1.0626
0.92414
0.78442
0.8474
0.90875
0.89231
0.87398
0.85363
0.83112
0.83657
0.83968
0.79183
0.74147
0.68855
0.63301
0.57384
0.49793
0.4032
0.30551
0.28425
0.33379
0.38007
0.52201
0.66066
0.7961
0.86023
