0.18639
0.13459
0.1334
0.034083
0.028512
1.0667
0.19661
1.0667
0.11368
0.26124
0.16665
0.037543
0.098025
0.057624
0.10423
0.18797
0.032691
0.35589
0.085704
0.12473
0.14461
0.14848
0.13382
0.079829
0.13074
0.31061
0.026742
0.082023
0.10494
0.18897
0.14644
0.081115
0.062366
0.29204
0.082535
0.11161
0.18286
0.18016
0.10147
0.68356
0.073522
0.098369
0.13045
0.74919
0.083297
0.10327
0.1516
0.094132
0.12375
0.10656
0.088515
0.11661
0.10947
0.61313
0.16902
0.16818
0.24024
0.07606
0.099299
0.13592
0.10681
0.17768
0.1467
0.12038
