0.014137
0.86497
0.86549
0.2203
0.18498
0.080902
0.047056
0.080902
0.68698
0.25781
0.42497
0.11644
0.4807
0.33281
0.57602
0.69883
0.12915
0.27398
0.50711
0.36617
0.60379
0.80385
0.64638
0.51542
0.73129
0.10305
0.14462
0.36446
0.53538
0.6702
0.51148
0.52626
0.38697
0.40706
0.47532
0.54617
0.57852
0.54128
0.65829
0.13798
0.43432
0.61862
0.68535
0.056822
0.47861
0.47333
0.52937
0.24489
0.4574
0.58906
0.45038
0.60349
0.37321
0.046503
0.50179
0.76603
0.4444
0.35496
0.36722
0.80443
0.22137
0.24026
0.75373
0.74478
