0.3489988 0.1999828 -392.198
0.3489988 0.1999828 -392.198
0.3489988 0.1999828 -392.198
0.3489988 0.1999828 -392.198
0.3489988 0.1999828 -392.198
0.3489988 0.1999828 -392.198
0.3489988 0.1999828 -392.198
0.3489988 0.1999828 -392.198
0.3489988 0.1999828 -392.198
0.3489988 0.1999828 -392.198
0.3489988 0.1999828 -392.198
0.3489988 0.1999828 -392.198
0.3489988 0.1999828 -392.198
0.3489988 0.1999828 -392.198
0.3489988 0.1999828 -392.198
0.3489988 0.1999828 -392.198
0.3489988 0.1999828 -392.198
0.3489988 0.1999828 -392.198
0.3489988 0.1999828 -392.198
0.3489988 0.1999828 -392.198
0.3489988 0.1999828 -392.198
0.3489988 0.1999828 -392.198
0.3489988 0.1999828 -392.198
0.3489988 0.1999828 -392.198
0.3489988 0.1999828 -392.198
0.3489988 0.1999828 -392.198
0.3489988 0.1999828 -392.198
0.3489988 0.1999828 -392.198
0.3489988 0.1999828 -392.198
0.3489988 0.1999828 -392.198
0.3489988 0.1999828 -392.198
0.3489988 0.1999828 -392.198
0.3489988 0.1999828 -392.198
0.3489988 0.1999828 -392.198
0.3489988 0.1999828 -392.198
0.3489988 0.1999828 -392.198
0.3489988 0.1999828 -392.198
0.3489988 0.1999828 -392.198
0.3489988 0.1999828 -392.198
0.3489988 0.1999828 -392.198
0.3489988 0.1999828 -392.198
0.3489988 0.1999828 -392.198
0.3489988 0.1999828 -392.198
0.3489988 0.1999828 -392.198
0.3489988 0.1999828 -392.198
0.3489988 0.1999828 -392.198
0.3489988 0.1999828 -392.198
0.3489988 0.1999828 -392.198
0.3489988 0.1999828 -392.198
0.3489988 0.1999828 -392.198
0.3489988 0.1999828 -392.198
0.3489988 0.1999828 -392.198
0.3489988 0.1999828 -392.198
0.3489988 0.1999828 -392.198
0.3489988 0.1999828 -392.198
0.3489988 0.1999828 -392.198
0.3489988 0.1999828 -392.198
0.3489988 0.1999828 -392.198
0.3489988 0.1999828 -392.198
0.3489988 0.1999828 -392.198
0.3489988 0.1999828 -392.198
0.3489988 0.1999828 -392.198
0.3489988 0.1999828 -392.198
0.3489988 0.1999828 -392.198
